6717686855946571013
6718519652286287110
6735967653942332677
6741835006378806534
6754030844094041350
6764167854897106182
6768604769465502982
6773444093419736326
6776748160569101573
6777029914915900677
6777295032496983302
6777308271121386758
6777371530625158405
6777443546766036230
6777883293959458053
6782316647144230150
6788172617862991110
6795508387019869446
6806454003065425157
6811524840206617861
6819359933289614597
6821398646605565189
6826046196797213957
6832546052864740613
6838445488103050501
6839359930542132486
6840520057190157574
6844067011400584454
6846630178144275717
6850636029737684229
6853402007714237702
6853750009016372485
6855104469017922822
6856516439092858118
6857242721631964421
6858365169844702469
6859532326003657990
6859895996969667846
6860523005680815366
6861058872870784261
6862364771811986693
6867336959535123718
6869267757901319430
6871068514409532677
6872085969823141121
6872885292760599814
6872937092788374790
6873152344025025797
6873205552038661382
6875588311348530433
6878264766993943813
6879263553962937601
6879865999248706822
6882436697498471686
6883543637439843590
6884007403310812421
6887383783855623430
6887421395349916929
6887748341451476229
6887830687731174661
6888112151920217349
6889561330987158789
6890356190929292550
6890667029691403526
6890897474123287813
6890901440395611397
6892044060396195078
6892549172243729669
6892598627814968582
6894431857069313286
6896282356567592193
6896975618584399109
6900617891629092102
6903393270534114566
6904051511031123206
6904673055755242758
6905444836980182277
6908440986049973510
6908960514836024581
6909014806758493446
6909549398892530950
6910332769545587969
6911347253609385222
6912964702377217285
6913263917158501638
6914401187295005957
6914524574029745414
6914568915146263809
6914806780946173189
6914845912011443462
6915000679991921921
6915129157043227909
6915620290638646533
6915787211434740997
6917624575371087105
6918354440382598406
6918625486524435718
6919824530575805701
6920067820386536710
6920465285333978373
6920607471979613445
6922207750600592646
6922268327087721734
6922506524937948421
6923362346211544326
6923847775142628614
6924108018544037126
6924245247786536197
6924816400208973061
6927628191607639301
6927792902609358086
6930240786210589957
6930468690458725637
6932255367871106309
6934512845463850246
6935790222408027398
6935793225072430342
6938868413204892933
6938967005332557062
6944758692105456902
6945439330978516229
6950376565561625861
6950499549135916294
6960037663906794757
6962041783622667525
6963387455596711173
6963768094141533445
6964088061911239942
6964142021917412613
6966556206815071494
6967000140691279110
6967045852363869445
6967062289786637573
6967079558679940358
6967419428984081670
6969160915895831814
6969541198398737670
6970563462497914118
6970695042411334918
6972121633943325958
6972647342285573381
6974469485294030085
6974555950229327110
6975246000856288517
6975546425740365061
6976080084742507781
6977330723946548486
6979385451643718918
6979423696922430726
6979707181943753989
6981157573676338438
6981170321214688518
6981419105081462022
6984117389566708998
6984985668409756933
6986452375426845958
6987794547870813446
6987873619728764165
6987980073538161925
6988311661840960773
6988886226002611462
6989792578556284161
6990195700495600902
6990665982633102598
6991676181066091782
6991988184154524933
6995603070617013509
6996005141736426757
6996833898466381061
6997726568114179334
6997856014129286405
6998343170459241734
6998534897824500998
7000306371803483397
7001944447499947269
7001954745438997766
7002020004447177989
7002034670288342277
7003792490092399874
7004166633002470661
7010826123214966021
7013507743411637509
7014946218266709253
7022039312590146821
7022151509458701574
7022388825749982469
7023017561335844101
7024884314282315055
7025150433018514715
7025411877106896175
7026025469262744837
7028098138904874245
7028267050481143087
7028978904798940421
7029789698478525743
7030982050417052934
7031269635060239621
7031571526239603974
7032076318204316933
7033876124438596911
7033920901339008261
7036575375689927941
7037217405734751534
7037248286901718274
7037374333286632751
7039166170712313093
7039460718055312646
7044826908458274094
7045123033274584326
7045643978904964378
7045983809304595759
7047485517453331759
7048088695060155695
7049918833603120389
7050104046505676078
7050220936666074414
7050482120350846255
7050513371543801135
7051363933898181889
7051704328498892078
7054573770320760110
7054736882311204143
7055948332673420590
7058023814646631726
7060151987437833478
7060152087677504773
7061313047142501679
7061689896028638470
7062009863940984070
7062482169696128302
7064619747995897134
7065300380841676038
7068487273108491526
7068700457366981893
7068844371063393579
7069098669600935210
7069144505286626606
7069981040969829675
7070330479773371690
7070626866595499306
7070990835436932398
7071633961889434882
7072576441258495234
7073230729282620718
7074071151428816170
7075962045828533530
7076471574404189486
7076570477174590722
7076653044070403370
7076766490120228139
7077501379081800987
7077580379003047194
7077582078233234734
7077615538905845038
7077616844911250693
7077699298380532993
7078129432690527534
7078221962421554475
7078321620305268014
7079585523429592366
7079831338148236590
7080353997768396075
7080773868813569322
7083256477883862315
7083549014733393195
7084683310345063726
7084866582752660779
7085047629767396650
7085755805689072898
7086456307720441131
7088391889489087787
7089390274782235950
7090945988344532229
7090988541093645573
7091321701136485675
7091398950535564586
7092024194325548334
7092466818027195690
7093216545924746542
7093563542409956650
7093932686347144454
7096172687965441286
7096364829702720774
7099923239958318342
7099990810183126314
7100352368117566763
7101030838921481478
7101267722931014918
7101437426744429870
7101841243134496042
7102784131293121835
7103647712884575494
7103882701328993541
7104871390871948586
7105230021807344942
7105932958531374342
7107363628889722117
7107941531809598725
7109135294246571307
7109225594705055022
7111853505589103874
7114756020890701102
7114796868994944298
7115175631356464430
7115300846136462619
7116595147093183786
7116608504693017861
7117730620700396846
7117735617928187178
7117820871967853870
7117869702294031658
7117895938102005038
7118061596668218670
7118079350867627306
7118472929356107051
7118740104348208430
7118810930363813126
7119302716538621227
7119592673861700910
7120098924521721134
7120261292996300074
7120293970260938026
7120412401308257582
7120567481202248965
7120652194692615467
7120653670114430250
7120711373109300485
7121347846670175515
7122228874095660330
7122618977485868293
7123303022544964907
7124375517301689646
7124384021991263531
7124726889838628142
7125803134009527598
7126255255825698054
7126549824870141186
7126662542776077610
7127092118320925994
7127704540786199850
7128611337751629098
7129746052890053930
7130988608969886977
7131423741225094406
7132133656927210795
7132159619094531374
7132581199947631915
7133218013297478958
7133593045810941226
7134067817799879982
7134844469093961006
7135207903513840902
7135577117487631662
7136405536693685550
7136919405203705134
7137251424827690246
7137489467325091118
7137500582155390254
7137593699227192622
7137643132887321862
7137854942861217067
7138566287550188843
7139135861647543558
7139185116844215594
7139408130428980522
7139662482230005034
7140999817756462341
7141213417360215338
7144410115352055086
7145866100993953067
7146947572480052526
7147814245638393131
7148597988850535722
7149358821247388971
7149537762629176619
7149639222482259242
7150771158332329262
7151500031781129514
7152280269163318574
7154103892949912874
7154107721753627950
7154358747605814570
7154361936426093866
7154379348269714734
7154385892763815173
7154508585286896938
7154788415291084075
7155099979831463211
7155146825631042858
7155992484311616810
7156613824420810026
7157850261203995950
7157953111653502235
7158314445343690027
7158678070172388654
7159289830751341866
7159596459891887403
7159934321086893358
7160957821478014213
7161267234835582254
7161421878190542122
7161461874268196139
7161614310895127850
7161909430030830894
7162089261989154054
7162269613592579374
7162315724399086853
7162531297846480171
7162606119767002411
7163437378714094890
7163673991427968302
7163814725552409902
7163830572983405866
7164825374659071275
7164931327978982698
7165064496073968938
7165157479045696774
7166265401133780225
7166538948745891074
7166567517987687722
7167086278364695854
7167745623431646507
7168407156746718469
7168493409659997486
7168616622838566190
7169566778996083973
7169572537297308934
7172286005699955973
7172641076409355563
7173747432411499822
7174910631513050414
7177101453100617006
7177131832998153514
7177316519779683630
7177555753396456746
7177610754508721454
7177642707396087086
7177966217150483754
7178577123454766382
7179730076127218990
7181982568693239045
7182301074546658606
7182794852264840491
7182817109305543978
7182846771817647362
7182914456089791749
7182934942207348014
7183400392888225070
7183450473125399809
7183535152864283947
7183679782096522542
7183688788139527470
7183732155959348526
7184135857434037547
7184423632016330030
7184475012076817707
7184511872358452523
7185921556948995374
7186306887141330219
7186437884130413830
7186803498875604270
7187097682924719406
7187887038987799850
7188377549762874667
7188710102986165546
7188916818231430446
7188947118684491051
7189442804240665902
7189561808926149934
7190112683620912426
7190386944281677102
7190407228602600709
7190448741235707182
7190488453291789574
7190554261820804395
7191066586579586305
7191120589476662534
7191912208530443526
7191976253941910827
7192259931595230469
7193460954993003819
7193499414432877866
7193540022367178026
7193807496677510406
7193976019521522987
7194127632055766315
7194413955362671914
7194448847794572590
7194472803771665710
7194593261305204014
7194639326817586478
7194789287789989162
7194890732413504774
7194961860091858222
7194974647320956203
7196038497399147822
7196596697118559531
7196683088435465515
7196798087917096198
7197244745859484971
7197869102621363502
7197875953677126958
7197877798734744875
7198211558722473262
7198465276210318638
7198606514628726021
7198856904838368554
7198937531898006785
7199293084805434667
7199519581256305921
7199767702469332270
7199843751823559941
7199886327473573125
7200081584945499397
7200168442861718826
7200436536389684486
7200676512146672901
7200756933945462062
7200877930984066346
7201541829957815557
7202085414264376622
7202432316738702598
7203026423987195142
7203036580947217706
7203063420109720837
7203156875452419370
7203186471778536747
7203195231511039234
7203202771112250667
7203380324712238382
7203458673287531822
7203796989635464454
7204137897706999086
7204165979851525418
7204392109669977386
7204472484685548806
7204647012279586090
7204818967922347269
7205069178183765254
7205304540629863726
7205401318997904667
7205449499198639361
7205777142548925742
7206256286319578375
7206450610235804934
7206561064639647003
7206658424749313282
7206918763906600197
7207120804331457838
7207529351376604422
7208262582224915718
7208319387865124142
7209427795032689963
7209502168980671787
7209725627455393067
7210190762682797358
7210273013424524546
7210540718882934059
7210703459664842027
7210915270783667461
7211188649503837442
7211336837871275307
7211411535116242182
7211775324818902273
7211910525825846571
7212029912461561134
7212073453585845550
7212208149984464129
7212265729310231854
7212375633710681387
7212412168480902446
7212699566905281835
7212746491754990894
7212770115790638382
7212855222752808198
7213101432323542315
7213202688165645610
7213379921391963419
7213587102653598981
7213732976545287430
7213810055609683242
7213868817502571818
7213973681343679787
7214089100482170113
7214473218743340334
7214592749838896427
7214885055783603498
7214942777929551150
7215334941826075947
7215682837830192389
7215741506974534917
7215762552146496769
7216034004271648005
7216483193652825390
7216933007918107906
7217148552856882474
7217508505350147334
7217592770628767002
7218363848900873515
7218488205987908906
7218913957489298694
7219047614459858222
7219121961581186350
7219232455457557806
7219405378570767662
7219697604169403691
7219852093740404010
7220074590616292651
7220809678689865006
7221335153501654273
7222025174302985478
7222045931934584110
7222343445623655726
7223091202654997766
7223122219445161262
7223470033995877638
7223799682223459626
7224019720037567750
7224063256384621826
7224548642458176810
7224623719329582379
7224662101711670546
7224873046803418414
7225021370671844650
7225453766336679214
7226283196537900315
7226307425794673947
7227575918766738715
7228156242492017962
7228206138939116846
7228376919266430254
7228560494783778074
7228635884009164074
7228826416912059691
7229076975535770926
7229108473479367982
7229571119945370926
7229718313780120878
7229810343764086058
7230208602575883547
7231231379206327557
7231564595545115909
7231658940013006106
7231959377857547546
7232292796172979502
7232611545820302598
7233010875165101313
7233594383189183786
7233700183597436203
7233869277223292202
7233875670227488006
7233950991249427755
7234297779634375982
7234304161142181166
7234549017055612203
7234898736114109702
7235279702821276970
7235302560696159534
7235483925592804654
7235684089817255210
7235753952363449627
7236050403136245034
7236096696013311274
7236132863727488261
7236341573615734058
7236827215651015978
7236853519255473414
7236865890917272878
7236866030369295658
7236878229443710254
7236879490285178154
7236906726333713706
7236913956089269550
7237192974684146987
7237214511160151342
7237256753916759342
7237584818828037419
7237591950260587802
7237626613070941483
7237985967183875371
7238635020708039963
7238684336709586222
7239135742985915691
7239143689598045483
7239734941578186011
7239772632495983918
7240162563835628846
7240456213014514990
7240672042851241222
7240690452419317038
7241230288951495979
7241486302682565890
7241879143883935022
7242034155968826670
7242245237395950894
7242413831635602734
7242455347414306091
7242735018945170730
7242827023398325546
7243006574799719706
7243944173391580462
7244094762007973147
7244178422182825242
7244192534187085082
7244566673028730158
7244901804809489707
7245027402445851947
7245028263469354282
7245543499154787630
7245812587986832666
7245999496562216235
7246328099200159019
7246578348128865579
7247137557341932801
7247258188569906478
7247300573177859370
7247553306699058475
7247916461010816283
7247952881633037574
7248333960244120837
7248633229605899526
7248966752690851115
7249015057235840264
7249101736969948462
7249955358205070618
7250069283621965099
7250254565520493867
7250334615833972010
7250359723285810474
7250980070158847275
7251223427590147333
7251547974784847147
7251996783545650478
7252089337947393326
7252410975054204203
7252423195981253934
7253105055149198635
7253215827875532078
7253267839547870510
7253465441983663402
7253503893534068014
7253519593686486318
7253842148825533723
7254631230698704171
7254745555413372166
7254871684883270918
7254879689276149018
7254953979208076590
7255380678097849605
7255391712405933358
7255521866696183083
7255765114702318854
7256118790000217390
7256127896173989162
7256179416064216366
7256431661099781419
7256828654477479210
7256843725668748590
7256873633216335150
7256930992164850990
7257266805989772586
7257282610974510382
7257329916914486571
7257336478320151850
7257360673607290154
7257379569668295978
7258005209375427883
7258323855020936494
7258343783375506734
7258638186082077995
7258993927846497563
7259076263548030251
7259237417482439982
7259409120330140970
7259828638676225322
7259932752743566597
7259972076570692907
7261299093547273503
7261379673018649902
7262352360901496106
7262413891647343914
7262735814474468650
7262839330325187886
7262887953024716078
7263222977733463326
7263532786160602410
7263891901579791649
7263937356452023598
7264332841042087214
7264399335788449067
7264399821853805825
7264860735879138566
7265098628539141422
7265179710110305579
7265192275951537451
7265224274791648555
7265291613885287723
7265325506940144914
7265630423693217067
7265662235744275754
7266268629832928543
7266504887976987909
7266627445036436782
7266639112336198954
7266787602215226656
7266987502873939202
7267175584231394593
7267210829370510638
7267306624971214123
7267687188677102891
7267815863250652421
7267959010354154798
7268209682664181035
7268579506502257962
7268980528970288427
7269011868495236382
7269181953469992238
7269498095552007432
7269512175541095723
7269831556296985861
7269887523470511403
7270163120105065759
7270249016749870379
7270271852155522334
7270284905844624672
7270333051828243758
7270592345639357739
7270639081434959150
7270664626465983786
7270980374421884203
7271301158084332843
7271397937928768811
7271774671618477355
7272042973871869227
7272059009769671982
7272061487642938625
7272225235691113730
7272272718161022240
7272479939524316458
7273104229747658026
7273477937289006379
7273497520645360939
7273756043782491434
7274052421121264939
7274127329670991110
7274154842094898475
7274298423921085738
7274484138038791470
7275393083947388206
7275463572887588139
7275499619256175918
7275709360326692127
7275723328034295083
7275895230442851602
7275919928631250206
7276165435383434502
7276187263627742507
7276320094937107758
7276460076183932203
7276570077028240673
7276579184468626718
7276781658496404768
7276878408070483246
7276899059309301034
7277097936985525536
7277330066953096478
7277349219382431019
7277598563884911915
7277885861046340907
7277954916935830830
7278011345428024578
7278068973432786218
7278149675532733738
7278372864959515947
7278777572823944453
7278871924065865006
7279023463497567493
7279111043748515115
7279201071141014827
7279250054869716267
7279359320675011886
7279786733556731178
7280012581522214186
7280130810991332654
7280237335638248735
7280258556417297710
7280294927697956142
7280551170190363947
7280623111089868078
7280921523085380870
7280973798122229035
7281038330848922922
7281073402121588011
7281115270247189806
7281132460119723306
7281621249598459182
7281635786603187474
7281675616263359787
7281708195339488518
7282472827326893354
7282620952683449646
7282621002205465899
7282799777673153835
7282860708792929569
7283188294513413409
7283194708933741830
7283685733330734378
7284386020072656170
7284669885525888302
7284743310835535136
7284848865252085022
7285154056958446878
7285955679943281950
7286223440023915819
7286235529442512159
7286236386729168174
7286249897777433898
7286339871902338334
7286510434637679915
7286608985086496042
7286884376544201990
7286952912960507182
7287528283389005102
7287574687364812074
7287690513119972638
7287740160157011231
7288404942396607775
7288476056208674094
7288583607805840645
7288702880536792366
7288789773324438817
7288935549803564318
7288988801567853870
7289054074224299306
7289196934349327662
7289333678285524266
7289418169565973806
7289546090028797214
7289595089700179246
7289813932112596270
7290065560535076101
7290619224987323681
7290620975912209706
7290639821331074347
7290693350578015531
7290909567842585898
7290957981468986657
7290980504717790506
7291146207655939370
7291223254650326277
7291520347248020766
7291701953095142662
7291830656412175659
7291954389500153120
7292026434317454593
7292461727915019562
7292572958965533998
7292937507614805290
7293241282871414059
7293488555383475499
7293600977964256554
7293972104213581098
7293996503230647557
7294301911006711086
7294438530015710495
7294817690311494955
7294993223771082016
7295102043260308766
7295783758026870048
7295824421963500842
7296194765513706798
7296604321968311598
7296849882541772033
7296878096794340640
7297022956700634414
7297140559527808288
7297328525068029216
7297673734180097322
7297769070412188970
7298094851105639681
7298163282328685826
7298349454971784454
7298495291508952363
7298519759577042206
7298530017124896043
7298613147617840427
7298644902554897697
7298652486280170794
7298681045782744327
7298719375799078190
7298741343919148331
7298758998042496286
7299252773819026734
7299271702733770027
7299891600870690090
7300594311236767019
7300696759603318062
7300729167111277866
7300959852820499742
7301154839801744682
7301156672843140398
7301376967973145887
7301395137949732138
7301498860008901931
7301555072893226271
7301910770625826090
7301971548112506154
7302107778175208750
7302467862906604842
7302768069041163566
7303046365909650693
7303441530105105694
7303552612543073541
7303564976839609631
7303642837885701408
7303643970431700267
7303654381335989534
7303727494539021611
7303933961284111648
7304407163823213866
7304466718284352810
7304588548718578946
7304644145694526728
7304811370506161441
7304864865527680299
7304947428812131589
7305058150862916895
7305066206531472646
7305400313450745106
7305427117788138798
7305536956287470853
7305748159257398534
7306078765124160814
7306170901333069062
7306195387113671979
7306280605354872095
7306621603058601259
7306666111532109086
7306834549990837546
7307332699012975918
7307456465462316334
7307629211961806112
7307952666905185579
7308385613764496683
7308427398716951839
7308520627009342762
7308558014225698091
7308589352723008811
7308701107897830702
7308723852954144042
7308731191580953886
7308754198135442731
7308791439784185131
7308794090588474667
7308941433237441834
7309164741044325675
7309260261431512362
7309550352146107679
7309614048113446187
7309696178306813215
7309787794044505374
7310044725627800878
7310063052341185823
7310159105660914976
7310184307916672257
7310341100735155499
7310595762579098910
7310690276312468779
7310957411303476512
7311036083402329386
7311401627083115822
7311789093585685766
7311827124682247457
7311857161766767918
7311923068002241838
7312373735527386410
7312390722563460384
7312500602951503134
7312727901324053765
7312962238552263967
7313005504169659649
7313291385178754347
7313638680692804906
7314109743113522474
7314114536334691626
7314118380435377451
7314262640082095391
7314308795176455470
7314381798862114090
7314403777254132998
7314454189474663712
7314736925426994450
7314902619800014111
7315098684469923114
7315447540143426849
7315500650178104581
7315590719257873710
7316380581758192942
7316729957563125000
7316738810329451807
7316980223336172846
7317601051035667758
7317612672768298272
7317793217154452782
7317818449269427499
7318030722512457002
7318035067664747808
7318710781317483818
7319201133833080094
7319207768722902277
7319330487401565483
7319380141342330144
7319643508564839723
7320476056773823790
7320557768874741034
7320630575235075360
7320753176574119214
7320864066828913963
7321005659342818606
7321061932662869290
7321091686698929441
7321093835042327850
7321387506254089479
7321533087001611563
7321554903552331050
7321818965691419910
7322105223332252970
7322201805679562026
7322307099772423467
7322347745241779502
7322704963996601646
7322905446774345003
7322919357841984811
7322969168297413918
7323007855194377515
7323153090281164078
7323342213440687406
7323352029391359275
7323436109717851434
7323437144259824939
7323658712793550112
7323709660505050398
7323811868475411758
7323971330720697606
7323980859047005483
7324137324755848491
7324235549265448238
7324421231204125998
7324474367591664938
7324608830019489070
7324728113659694367
7324901197729549610
7324901378667597098
7325177272053304582
7325180205738331394
7325273033332198702
7325415130240519430
7325604098147929390
7325903448317136174
7325969173673233695
7326295933895839022
7326362266419416351
7326363124204866859
7326627390904470816
7326660951997041963
7326663175296929067
7326664960686296362
7326670119009160494
7326709438155476267
7326725289831124255
7326725840413281579
7326726219469311278
7326891885174295850
7326912308138052869
7326994426515983658
7326997851060571438
7327306563121663274
7327370381390646570
7327504178362797354
7327651985983835435
7327734282187771168
7327757576953793834
7327833123943730440
7328050830161087790
7328076802205699371
7328165688550427946
7328222337566772510
7328543412360236334
7328808539277839658
7328815212759469358
7328912851127553323
7329153506500201770
7329173925458414891
7329504585217854728
7329574676500565294
7329610866846928158
7329624462691667242
7329660532640763168
7329963643364363566
7330122656475319594
7330155396033826094
7330299162799426859
7330430540274994478
7330470610885266721
7330660246534409518
7330744138335391018
7330750367686233374
7330753098408840494
7330755502629981482
7331025608975060267
7331053452157668651
7331320330339831083
7331430393725439238
7331437887474404641
7331529118451780910
7331785434059509035
7331788056099310891
7332010768528952581
7332118201855216939
7332154258269408517
7332243040460934442
7332393503843962144
7332654720839896363
7332751454328982814
7332799881490205958
7332807588196879621
7333298339972287790
7333366881849593119
7333470416993881387
7333633195046456622
7333686808426859818
7333714038498774318
7333802049433308459
7333850646103428394
7333874238199319815
7334437011710840106
7334459726081559850
7334761416894844202
7335066807658630433
7335108541226798378
7335239763273895214
7335524989367520544
7335550549389036842
7336014281135115563
7336175388856503594
7336183974550588704
7336204810158492961
7336362148207021355
7336382297408589061
7336943504683207978
7336987740753497387
7337313720806264107
7337480208469003562
7337776414453861678
7338101241702239534
7338139978133933358
7338169604612558126
7338201239080946950
7338210203113966891
7338219280061713706
7338251152527609130
7338370568322075950
7338422577783754016
7338475366828215598
7338479855224409390
7338507216074394886
7338589343415618858
7338589977921604907
7338590940065451306
7338591064455925034
7338607123510873390
7338632588711562539
7338740537400249633
7338783086005472517
7338863111547391262
7339017003497262379
7339064426701573409
7339076823210413344
7339177397893205253
7339194297801084166
7339199657668742446
7339210614746713376
7339230197524253982
7339354978718354730
7339389860014329131
7339643699556666666
7339755294462856494
7339785694316973343
7339829500890385695
7339837975146040622
7339941686157626656
7340038055409061125
7340134525202304302
7340349694306012459
7340591288833543467
7340657180854652206
7340681481548795179
7340756872351337771
7340788034578681119
7340803243972250923
7340809496115023135
7340817804225957150
7340819008989515039
7340830082040171807
7340852162962033966
7340855664761212202
7340856334868434222
7340957776539094302
7340997934676348206
7341044176768748818
7341058891318349086
7341112770705837318
7341167240873594158
7341194133228326146
7341196654902627614
7341218907455278382
7341282165373603114
7341469013052116266
7341478505009433863
7341843630887554350
7341984614891687189
7342010377930034440
7342165813027196203
7342171746306411819
7342233408162057504
7342265179016596778
7342281509820321054
7342329636711386398
7342342347289627947
7342372232305544494
7342405780252937515
7342445349384146222
7342445361165880618
7342445964902370602
7342445999140424990
7342446176408456491
7342510465844530463
7342511696935750930
7342525851612876078
7342535308312907054
7342536380523859231
7342542349744098603
7342548657746496810
7342562810703973665
7342850470655839518
7342949274457574702
7343997692424588586
7344173477810687263
7344208689982704939
7344398337581288737
7344725665977060654
7345287717665672491
7345584403696930094
