3x25ybraqeighzm
3x29qa3tdevpjby
3x2cmdj3f78srsm
3x2gz8xbnubcjzu
3x2ijm5pkxhhv2i
3x2j4qjgpky2tfw
3x2mm7xmj8wpq5m
3x2rcnynrkcq2t2
3x2svp7wtrysakk
3x2td3pk9g35gq2
3x2vrs88h8z6szq
3x2x7x8gg67q3be
3x2zch5gn4zh9tm
3x32xpnzvy8zprk
3x34p5rv5rty2kq
3x3683vyxjb8jte
3x36yd4pq593xgq
3x37hj7i43bnwxa
3x38ctqewjb8hmu
3x3ckmbkc4fr3b2
3x3d9amy5hstrcw
3x3e23czmz7bhxa
3x3e2d9kw3d38fc
3x3nakwg44m3c8q
3x3q3hahn6m93cw
3x3r8a3maezknyw
3x3tsjvcbd8wzpi
3x3vr3xw2phwdxg
3x432tjvxinwezy
3x44qdubkgakpya
3x45r2zhabatrie
3x47b3x2jxzeu9s
3x47nmzxjjrrxjw
3x48ret89vhanji
3x497g6axqey4i2
3x4b4heing4qn8a
3x4fprj2y3wkpqq
3x4h25rqxf99t7i
3x4hfzaq6dgb4k9
3x4hr9wjkn9q6uw
3x4q9qnsrpvf4je
3x4tpy4899xiyie
3x4vjn57kdewfhw
3x4wzqhpf2pr23u
3x52i9jh8en2xa4
3x565u5rqzmdk2k
3x56fqqqan35vtk
3x59uvnx32kkngy
3x5aickpnrpqhds
3x5azhb8s73fe3e
3x5bsx7my8yx29u
3x5cu7ezz33wf6y
3x5e3gp2d87wyqa
3x5ibdcizvyit4a
3x5jp5mezdgi4fq
3x5p3pvd8pdky6c
3x5s3h6uyj5xfss
3x5sidac4zdeb99
3x5ukaaarhwb6mk
3x5w3hq73bw9eby
3x5x5miprkvphbw
3x627meastrtcsg
3x65ep66n5zqdxm
3x6d7bq2f8dc95u
3x6g8rysfypvsc6
3x6hfvinryh5j7m
3x6npxgu9kr2sgu
3x6rptbr78izvt6
3x6rt3xnesb4qpe
3x6u8ywhvmp6nww
3x6x7szqy97ixya
3x6y3jhyehykdz6
3x77de6ge8bcspu
3x7abhetbrdcmes
3x7e85f2nh6r2wu
3x7e8w4ccghcery
3x7fmnb83cu6p8a
3x7i6xjvpbrjfzk
3x7rav9yzk3whvw
3x7t93y4spz9vce
3x7tstw5zadfd74
3x7vk8jk8uta35w
3x7xttv9m6zms4w
3x7y3ftb2pw3hk4
3x7yb5v5zsr9iwi
3x83aw2k6kj6ce4
3x83d33mbekpx9e
3x83zw7z59qpfx9
3x857esmry8jwjm
3x86dqjqgniye9q
3x8dp7zscxri5d4
3x8ft3yny3j9nqs
3x8hupc4mjyjx7e
3x8ire7jezweh7c
3x8nm8963gqmez2
3x8prc8e4yqbu3i
3x8qz5767vxkabm
3x8stnuh4w4z7n2
3x8tfm78zjzuk2i
3x8trva9ykrpdr2
3x8ttrx4hstaer4
3x8w26udth22cu2
3x8xer3fc5y46dm
3x8y3r78ih2pcea
3x8yvwgeta3enn9
3x94cf2iqnb2y69
3x9bqung2nu7kc4
3x9d6k674j8newk
3x9dv6iyh9vqsny
3x9gi9csrtcsg52
3x9mdqekeuqr634
3x9qj3njeezgam9
3x9zd4pmyee5r66
3x9zrpu3gbf7hh2
3xa4fsmda94hgr9
3xa5iafpjk898ck
3xac2wqftvihbu2
3xadd8whdwr4awa
3xafa6w6iksyr9u
3xai6e23q8ctwkm
3xajber3dnycv4i
3xajn7s22e3bccs
3xak4byq8e4ke42
3xaku2fi86cp8ey
3xann9z9p6a9cnk
3xazmuvizcaakxm
3xb22nscgvnff3w
3xb6yajw26xiumw
3xbaix7rtmyz4ak
3xbd9q2xtppijqu
3xbdwzq229m2ifi
3xbf77vbekt2azq
3xbfakcavgfknsi
3xbhduy2wyvnjdk
3xbncbnmp6bht7m
3xbp36nyju5yc56
3xbp92npgu2ppeu
3xbuujgiy798qk6
3xc3855y9s3ek7m
3xc46me4rch5p29
3xc4ddad3iqv8d4
3xc5gnc47aqijk4
3xc6kryz6f7669c
3xc8f9m2xq24d82
3xc8mjfrqhruxq9
3xcbamtjy9g79fc
3xckb5udfrjmrq9
3xcqacxk9636cke
3xcskteswkckwn2
3xcub57ub6j9jus
3xcv2rrgq6hxs6q
3xcvxd8bvp5xys2
3xcwdz3x45utvmw
3xcz7in4que5si4
3xd2phenmd6jbmc
3xd2pmsy6jz5t64
3xd44tsqxrjfbaa
3xd4q8scnjx7m8s
3xd5tzsfz34vufs
3xd8gse9sunm5rq
3xd8unj8q8q95t2
3xdbu5uxz57diks
3xdcfg2npatercy
3xdcjwjrxhwsqcq
3xdctnctbnzxt6y
3xdepya4cw8t6t2
3xditxafxkx2p52
3xdjh38f4v2bkig
3xdn98c7ghbj74c
3xdqfdv7mydwwfc
3xduckhwh76ywae
3xducwys6mt3c4y
3xduvt257dpjr52
3xe35cdfnkit36c
3xe5ep2me9fcac4
3xeaxug5we475m9
3xee737rmjg4p92
3xehe4cbsrr53vi
3xei8hkqz7i5kxi
3xeku62m6ws5f92
3xekv75eurqih29
3xemxdkexfwj2ui
3xesx39h9s7x9bw
3xetaq3xubvsd46
3xexs4d8xaxzsxk
3xezr4htuqxmh9c
3xf6cvqp456tjkw
3xf6gzk8mebxyjm
3xf849a5v87bxnw
3xfd7k6bvnhhebw
3xfdbetmka48eiq
3xfdxig3uwizb8c
3xfesnh86g47gq6
3xfevhdwe9iejhq
3xffthu6xe3z7bq
3xfj824arvdbxn6
3xfk4czmbv3psey
3xfrr3t4zkmc5xq
3xfst2mt4spsq99
3xfugyiwur4urtm
3xfves7h27ekhb2
3xfw32q4dqkiyyy
3xfyscnma4nsmyc
3xfysd9zwk29ggs
3xg2zthjskz768a
3xg6jpkp9afa9z4
3xg73rss3sdqqku
3xg97d5m8rgd4eq
3xga25kuspsv7tg
3xgb698hr5jsyq9
3xgd7kfphm4dkea
3xgfgk5d4pn3j8k
3xgi3ftmi83ke2w
3xgjcuv8463gbhs
3xgxxwg4bs8hhiq
3xh3bvqxk5dzyag
3xh3yqpexshcm3y
3xha6nekemhtwqg
3xhbg824xcqr76s
3xhcekjaafetqdu
3xhcrgpx67qcxy4
3xhdghhypy3s9ma
3xhf2wrfmycgv3y
3xhfcbjf9z2m6hm
3xhg6rkhqhrzd2c
3xhhpqq7hw82wqy
3xhjur3q2exjqw9
3xhmq99savp4sxy
3xhp7c8a3piwgys
3xhqddfy9c767cc
3xhtptauynmdupm
3xhx79jtrqtidx2
3xhykdy7axiwyaq
3xhzc4225xj2jp4
3xi25a5xuir6966
3xi6ijtrvqft7a6
3xicq6jv6caqu3s
3xiibwtmpm2ddc6
3xiickbjafrcsjm
3xikv9ux8yi4cq6
3xinbffb49q4fmu
3xiqs66buw6r2jw
3xizkej8sh2m5ue
3xj2mevb7x7c36g
3xj4meizhnndq7w
3xj7dnpbsrjnctw
3xj7w4vyyuumr3e
3xj847b9ksyfiu2
3xj8cwmikj2vbr9
3xjbrxwwnt7eiek
3xjhu2nb82rwc29
3xjkkiwz4i8q5ek
3xjmbb3zj82t4uc
3xjp7rzxfjd5wes
3xjr9cdec5xgw49
3xjsgikfd6fxf4m
3xjtcqeba4gb9wa
3xjv9ezq4nx68di
3xk5vd4vjixbunm
3xkawfceecgxpgs
3xkaxd72w6rqct9
3xke8g72prihncq
3xkgamjcnac2m49
3xknypu3m4w37g2
3xkpprkxwqkt6ys
3xkqq4gqv2jwebm
3xkuv2uxe6azhm2
3xkv3tjmzcqvn9c
3xkv582e67xapjm
3xkyntm4ddwj69s
3xm6cfgdi87tije
3xm8r468bs4vh2k
3xm96t56etnsz7w
3xmef2pdm6j5iu4
3xmfdvafpnuxhe6
3xmiinxjrd4pa69
3xmis9yb7m5nfas
3xmnhs7jun9jukk
3xmp52g4njfq6xi
3xmuhasc9stw379
3xmyvj4mppnu28e
3xmzjex75zxr66g
3xn5r5hunm3npwq
3xnq42svbhe8sg4
3xnqtnd2zuif7ke
3xnv3vyayyczw6a
3xnw86kuddjgs2m
3xp73wtgpv85ipe
3xp849bntcd8umi
3xp8ixgzyzsd9i2
3xp8rwyviepz87q
3xpagups3fpvmk9
3xpdjq32v5rzp82
3xpej2n4cvt7keu
3xpeuqgdstzbg4e
3xpfzzsb67hvhiy
3xpjkw34pxm5exi
3xpjyqpskjxsukq
3xppqx27b2354pm
3xptn4sa77yy3x6
3xpvqxh8jt8fsvg
3xpwbyigtq8bxhq
3xpy6jveyc3ddqq
3xq22983ev7ve6k
3xq2wxtxsj9jut6
3xqbbtffv6kfquq
3xqbh4dyn9cvpwm
3xqd4wg3dspf9ra
3xqeqr9w3n4c7hk
3xqf9t4tsqbgw5w
3xqftm6axn73qxk
3xqg8tenvphfzbs
3xqgjjvh67txs3w
3xqjpzpt4e4jmd6
3xqpk3jkqg8qa4y
3xqrdtygummwmr2
3xqxuepyavp3bu2
3xqyfgx636625ag
3xqzd9uhwawt2xi
3xr3a8wyr7m4b5w
3xr3j2kpcvniegq
3xr3kfv5dcbqine
3xr6rund6htjga4
3xr87chfid9wvpe
3xr8w76sn8v8uhq
3xr9mwqg8dnh9q6
3xrd7zptf8axz4y
3xrdmz9jp5euq5a
3xreagrs6ze2t62
3xrfn5vz6ru7txa
3xrgk8f4vrrsghq
3xrhmg72wuz4wb6
3xrmfsdwarjwyfg
3xrpffa9z5d66uq
3xrq9wuzmb2n2wg
3xrrf488kbvfniw
3xrrssc3euy6gvy
3xrt44jbg25c98e
3xrvfxubh5jgthg
3xrw9j53ib359fc
3xrwwetz4befca2
3xry52emffxvgeq
3xryb33gbmepdes
3xrz7pxek48nqnm
3xs2zix577c8dt4
3xs4zww7ccki8y2
3xs5e3i3a7xygmm
3xs5yyui9eixsis
3xs9rjfy95uj4ea
3xsbaf8588raa5w
3xsefhr4knp7zvm
3xsejbt27c6r6i4
3xsepbi8enkwmxi
3xsi8gvqrjis9uc
3xsjsfimkn7f4pu
3xsm3xg5m6b58c6
3xsnyqsk2imatxs
3xsqpb557r6bjjg
3xsqqbaw8hmytju
3xstdsmuasvpwy9
3xsvtp3d7txyd5g
3xsxag23qwd6x8c
3xt37ijwcw6bmda
3xt4kiqw99t33am
3xt56hysgxmysde
3xt7su5k8aaawy4
3xtavn2cwiez7fu
3xtbidmgsa553v2
3xtcj6m7jy4dec4
3xtf6mqjhubyp6q
3xtgnmm6ti7dax2
3xtgpgvdjhncxw6
3xtj5q9jpwnmgqe
3xtkh89n2uagude
3xtnkcm8527zeh4
3xtnv52edctx7gq
3xtrcijpu64y6xc
3xtriv8dv8gjwk2
3xtrrhe37egsz7s
3xtrxrpz8cvkpt2
3xttzee8t79whbi
3xtwsf2e372g64i
3xu52mp9qpgzxii
3xu8n8jmv53tx34
3xu9ax8fa8w39iw
3xu9ry786wge3iy
3xubrwrx6ik7eyk
3xucctxw92h6iy4
3xue2zmk8tyzvc6
3xue5nc32hm4ahw
3xuhnzpzcm59xjw
3xujjxnpnu95mkg
3xujti347fvjy3s
3xur32aznsk2sps
3xutd6mridvz6rq
3xuuuke5drurc6y
3xuwiu26x2fzciy
3xuy84jd2yeie79
3xuznjigyifrav2
3xv2rkyp2bzajeu
3xv86srjimxszvy
3xvaagirk8be4b9
3xvdy99nxdp8agm
3xve3qzbjw2z6ds
3xvg6dikbufifg2
3xviwmw4hienh2g
3xvme6jhzggeckc
3xvmqpw3a3acghw
3xvn6rbbynxbhaq
3xvqu8etsfb5rbu
3xvs9yq5ssbq394
3xvvv5qkks2p7ba
3xw3y8ahpfbefak
3xw59ifzkrgxeg4
3xw6xz947f7uuvu
3xw9ky58nx44ifq
3xwgej7egf9857u
3xwk5szsrzp384q
3xwkd4bdkd3yft4
3xwktrfqyu6az4a
3xwmdn8rh7zym59
3xwpzj888xnjjaw
3xwr99t37ja3jku
3xwrd6cqkgyqgt9
3xx3izpfnseke8i
3xx4yy4qwzfmc8w
3xxd6ngz33pknj2
3xxewae5afnmura
3xxgdfjxqf42ui9
3xxhymwfjqiwaqk
3xxqb6xhr5rcq96
3xxqh9g2mqd5z6w
3xxs7ag6q2r79qu
3xxtwntdnjjduwi
3xy2qx99i2t48rk
3xy4vn77pthun2s
3xy67xydmt3pxby
3xy6xs5kz4asrd9
3xy7jd3smwfm7tw
3xycywheebhjz2a
3xyds2f4bvchnhu
3xyee2uc9irhyw9
3xyg8i98945uhs9
3xyjd37ta8y88gu
3xyq4zsnhyksrcg
3xyqvxj6ss42t9w
3xyqy7bw625iqmi
3xyrp5kjzkx6i3e
3xythyyv2vcw6wm
3xytyzwx3fpd5va
3xyu78psjmtc77k
3xyv9ycbzi426r4
3xyy2c76kfs56gu
3xyyxafu83i2d74
3xz4249ie6yzshq
3xz4n9de78h5awk
3xz5ybjrd4we6x9
3xzesivvcxr6tf2
3xzfu98w5vd8rym
3xzgq2kcu4xe9ce
3xzgybrcpf8zwfm
3xzni2rn9yb2ur4
3xzrpewykxkhw9g
3xzsm73a8bw4t5s
3xzuwugxup38nri
3xzzegwhwiw7de9
6571001202379590925
6582489910870019335
6582761311287905543
6583481991964921092
6584309915597147395
6584654455793257735
6585097411885010189
6585423557172399363
6585701737036778755
6585751304314817795
6588057622690139396
6588370236414627085
6589801198071581960
6589801702977703172
6589802305174899972
6589804927680253192
6593855966033218824
6601309012942130446
6601367719201737987
6601471942249680132
6601651424973557006
6601686537832762637
6601690518281784579
6601765814712405251
6601803968425233671
6601845922928266500
6602089727090756872
6602092948031016196
6603693731239431431
6609176747055254797
6612183406635650308
6615158947240217869
6615513758447979780
6615899462533385479
6616450884832333069
6617561143990816007
6618027963864583427
6626546582256880904
6631872122111134989
6631908657430793476
6634052840174128397
6637504149732723981
6637728366650723592
6639931517634088200
6639935519650221316
6639946938441534728
6643668413828828424
6646444149622967566
6646725072495054094
6648367305724005645
6648940727432645901
6649939133181496583
6650290016838864142
6650290449728720132
6650297598831824132
6652318431716691203
6655457533551004932
6656020525690703118
6656609197859278083
6656727039187438861
6657315189093862668
6657757273663737100
6658113316042345736
6658850835998444804
6658859333775838476
6659638348123999492
6659670456464903436
6659729914352176395
6660784036757196039
6660794545132817668
6661955363564309764
6661968458898607368
6662572764358118659
6662628773718019335
6664133446220369165
6665860072050150659
6666314921619295496
6666751540021251331
6667832599202860296
6668169334721891588
6668604896394120462
6668609331593891080
6669681666606337291
6670418901978959118
6670693135917632771
6670698133162315021
6670707542898789646
6670805620435750147
6671112046978796803
6671891732524829965
6672177708996349196
6672596808490831108
6672607427034107144
6676824324873243912
6680479610414664974
6680484308932726023
6680486383200652551
6680495441294920964
6680725537217957133
6683802242291698958
6683804664594517251
6683993408370904328
6684239798695103755
6684799575590587651
6687415218663935239
6687419353547279629
6687811321574051076
6690045890444446988
6690094171123911948
6690414518859812109
6691220078169427214
6691461631374888195
6692770651482164488
6692975444850986251
6693353542767463688
6693371163273399566
6693709051819330820
6694947747214265608
6695230573637635335
6700401364331154696
6700549546591898888
6700861687563570439
6701101433736973575
6702031746860453127
6702591963255885059
6702695933576039688
6706017108238683403
6706025183452351755
6706303784215121164
6706307318742584583
6706666689691520259
6706733840070659336
6706877877868121352
6707438561051839756
6707520442938166539
6707521283178958083
6708125601703660804
6708130500130770188
6708285613214354691
6708971806499392780
6709366729115503875
6709747277369445646
6710765185000361223
6711600610715733256
6711673130307423499
6712816336973647116
6714844810399747340
6716132354248674563
6716849310362848523
6717151423227858179
6717960933538270477
6718536657395649803
6719472095836884235
6719639684600941836
6720202003189894407
6720810902158970120
6722341983882333452
6722372266396536067
6722438557987851523
6722677705763998979
6723140781441322248
6723297674604350732
6723367944341998852
6723520593372957956
6723522583536405774
6723527309363662083
6723540942005046536
6723758691306327307
6723856443524566280
6723878732349721868
6724072932240379139
6724073013362412807
6724229983763549454
6725014910033579278
6726863850802597123
6729528749609454856
6729863166571908359
6730005569073106180
6730921689619746059
6732085366825700612
6732333962821209357
6733340523794402574
6733905101359959300
6734183552138644750
6734952578938883331
6735274778426395916
6735787083878780173
6735936408239787267
6735974091859250444
6736398192516107528
6736737150169042183
6737250162667834627
6737281726466329868
6737534985860893965
6737562768133721348
6737972209689611523
6741239300479929613
6741270032111701255
6742065740737760526
6746074256381054215
6746097657741118723
6747713690004425998
6748975268213427460
6749010896951020808
6749276397937757453
6749752784016379149
6750084855222013188
6750090376167656712
6752267747142405388
6752811707518749966
6752814648501783812
6753893273120623886
6753918581664140558
6753966052528508167
6753977989278567683
6753996415292149005
6754986372974611725
6755327541562690829
6755405727952653580
6755416306075356428
6755736301779127559
6755768839365053700
6757690178191576323
6758599323153403147
6759121139760483587
6759760505386044680
6761524739673558285
6761685888939478285
6763127593215577355
6763131349818707203
6763184473241619719
6763209184528928004
6765476032708381965
6765480777158266115
6765504634174917899
6765832813238357251
6766217741016763660
6766220724072910088
6766222242721434894
6766234763129867527
6766248464813722893
6766370765701991687
6766392183114222856
6766397552943287555
6766462015247518980
6766508408339221768
6767918377714404622
6768748406232943879
6769364663302917389
6769884636668611853
6770980407262399752
6771036373781646605
6772786213909843207
6773597400549444877
6773826654889364743
6774614259935563021
6774924661470891264
6774946888216087808
6775001928356121870
6775010520979311886
6775038723521383693
6775043765359938824
6775057226185968907
6775101574776638732
6775337505085525259
6775437618655005965
6775508012497964303
6775682394864241928
6775705327359839488
6780217047482682635
6780264564631047438
6781203276546329863
6781646180800646403
6782224171817635084
6782769312651431181
6784181585978707204
6784236847154384141
6786394260695502080
6786598297932025092
6787190557866200323
6788717427145428236
6789116698042699021
6789126750887529742
6789137562125585679
6789179815841844494
6789212420637232392
6789239936978652429
6789269241737563405
6789411863441558799
6789446985515601166
6789475875122318604
6789515540890275072
6789596785385000205
6789737243754974468
6789764070896585997
6789799043749989639
6789837915535969544
6789893745149086990
6789970177502055683
6790312812737613063
6790377354146467087
6790610269031664904
6790698483734039823
6790828160695946507
6790904987712113934
6790920932694281487
6790922195494341896
6790987860217482504
6790994130337090823
6791023538900978947
6791071587224292615
6791108774804376845
6791327276693769476
6791347567276854543
6791424540338605312
6791442371943910670
6791831278296599822
6792078822356389131
6792102270520544516
6792571347609505024
6792710074407062784
6792797475833990400
6792897401788091660
6793448019225267463
6793884900228336911
6794990416669330688
6795018932831980800
6795781027680898304
6795843422155558144
6796086977654557960
6796235429608688900
6796250238131784975
6796278439218253056
6796616456328072463
6796850990931922190
6796863411708792071
6796892888799186187
6797317471222222088
6797393343480417544
6798066523282885896
6798661547246832907
6798683452519533837
6798719685182475535
6798738016669076750
6798778448115551495
6798791300012313869
6798838586625019136
6798877401142070532
6798897058364329229
6799062729790459151
6799070294901263616
6799129732211346688
6799207729966681351
6799212507085982990
6799438229041958147
6799487592053181707
6799829298762059021
6799920478912777487
6800313787682393357
6800390134777842952
6800641564394769671
6800697177376083214
6800979777382649095
6802604813633785096
6802770862526319872
6802839353497242893
6802845079288499470
6802851077705288963
6802876759202123023
6803209256284736783
6803220050435214605
6803550951979388160
6803630413559385358
6803631659339009287
6803639669138492680
6803680340402539789
6803906422519237891
6804689338765430031
6804705458432003328
6804747267786935560
6804759703986425103
6804776274364534020
6804780254742236419
6804990192773025037
6805114691329756427
6805163827123064071
6805178488119659784
6805200989348449550
6805338726206573824
6805429938464804110
6805456913506012430
6805484074208087309
6805754741612629263
6805794994201332992
6805843004675443972
6805886136331062536
6806184441392680195
6806627068806286592
6806636081799286016
6806817903996914948
6806837820825619712
6806845737222098189
6806852595315969293
6806876094176759054
6806900594234854664
6806911175415155980
6807197079044246784
6807251562881174797
6807753138548837647
6807962256270200067
6807981206370536717
6808015877334650127
6808073686147419399
6808536938602040590
6808538691502476556
6808539046395038990
6808542878009167107
6808699529592868104
6808728377600511232
6809082780979399944
6809088973919538435
6809107490568015115
6809108235757325582
6809915709791931663
6809993376138677511
6810183442228088064
6810227456126094600
6810235766942305539
6810242340108668174
6810244511034379527
6810247544216620303
6810271009959087374
6810275919236812046
6810319473573219595
6810434722972355854
6810563817186036992
6810648413433023757
6810729408022744335
6810751381972995336
6810766098741480717
6810857820892728583
6810861641392000259
6810892177149922567
6811243864851025156
6811601588193365255
6811717413210541323
6811731857701358848
6811750377726283012
6811820983104638212
6812356200517127428
6812556773916937480
6812584743767493902
6813635878624234767
6813917386270395652
6814223358167649547
6814268707116829955
6814290877805006094
6814358502589369615
6814398145854803212
6815055785375108363
6815151234698251523
6815153433662770439
6815514117089119488
6815763546740116747
6815863114907569421
6816561551626013967
6817309213111504139
6817453297524313357
6817675724665703692
6817955495341542669
6817979355336117511
6818172291185216771
6818176700526972175
6818177047186181388
6818178781300165899
6818180586310536459
6818180833631866120
6818182445825903883
6818183900867693831
6818189045835762957
6818191541836795147
6818194765524389120
6818211739641941259
6818254662957812996
6818384473957092611
6818512388380282115
6819136014683032840
6819144347590593795
6819192874383576331
6819587416542825731
6820072082794171652
6820179715064745229
6820341703828884744
6820699058919820556
6821040396726963460
6821104150999272719
6821462506544991496
6821498975498095875
6821722703318289668
6822179237424925960
6822741118699048199
6822799485123579143
6822849359667924227
6823363913669725448
6823672276060278028
6823900927192272141
6824006803018353923
6824273888134941966
6824298917363043588
6824303959415557387
6824314763397369101
6824343107169996035
6824345287847349515
6824447680635309325
6824456540989230344
6824457136597110027
6824515285085687048
6824693917791833347
6824790268290632968
6824833850066095368
6825143527085772045
6825418062817152270
6825652924190903556
6825848797239774475
6826634159990017291
6826694516725124363
6826906406629788942
6826978829282692356
6826987786642509056
6827719074328349956
6827785033965686023
6828063511369813262
6828084054592703757
6828096382855941376
6828108856078372099
6828312624011185423
6828710235448872192
6829139570873863435
6829168861053537544
6829344934055791885
6829451492391537927
6829946831397506307
6829977515516251404
6830008628045532428
6830025257416428800
6830322258532257024
6830676220544306440
6831107091411782916
6831126629700488451
6831180377688788239
6831726615974726912
6832185731620867335
6832616226582236423
6833590376872316168
6833743607174843655
6833986187829562628
6834678309704535310
6835161375895997710
6835822316132240651
6835958738646551808
6836009676849679631
6836034235967524110
6836656871059819784
6836670907902070020
6837080981480951040
6837332562436738307
6837363937797803278
6837784250800966920
6837836003022064896
6838012336184298765
6838043239178652936
6838058397108079887
6838096889913707791
6838103289851104526
6838123554500889867
6838179907978153230
6838183183779958030
6838356560104803584
6838411054205144328
6838454773600111880
6838465131337256207
6838470532753706240
6838517419460332813
6838545142350089486
6839291158720433408
6839432188866383118
6839504528132312320
6839977126981127437
6840651629285461262
6841157087737810183
6841176893027339534
6841202699501980940
6841313813887831296
6841343937014156548
6841369965208145156
6841458671445183744
6841513596141276423
6841641009479273742
6841738028021599488
6841757602284604687
6841802131771526404
6841898406458182927
6842189070978813184
6842198568623803655
6842213274075843853
6842285820909489421
6842302496388517131
6842311648456281348
6842634497394035981
6842834986417016075
6842866874104024320
6843028258036976909
6843223547012320524
6843428070272060686
6843695846136106255
6843792717835701511
6843964897949142286
6844116748266917124
6844137104889433358
6844306836745702656
6844439307940351243
6844722773693074691
6844743558939806991
6844756518349360392
6844761643717594372
6844773921955400974
6844775384911711500
6844776284652915982
6844776403682987264
6844778284421631247
6844778978494958848
6844791137807420686
6844811072893996301
6845025280160009480
6845050996394069248
6845066012333788428
6845079496467516672
6845080072357989636
6845109782538472711
6845131127754214671
6845253491976457484
6845664512251645199
6845956029348367631
6845958218343091456
6845971406891568391
6846239194554060047
6846256034172964111
6846270187113630990
6846278828227136781
6846279291731315981
6846299323572030728
6846302822405803268
6846303393753992448
6846323530779430152
6846350151716588800
6846363199571283207
6846393271279783183
6846941022308683016
6847061751171714319
6847109400235166988
6847313184450252040
6847423671095610635
6848005225207418120
6848230767944813831
6848416927472176391
6848425894361517327
6848434489488624911
6848464753204006155
6848501754376539392
6848579855626292494
6848769788425063694
6848770518095531277
6848784835973057800
6848788248337173760
6848835923430345997
6848844197701618952
6848846476597071115
6848850561106808078
6848853805828803852
6848856703497194759
6848868667233471744
6848874136572349709
6848892717498371336
6848896622001212685
6848898037788560647
6848899375402421508
6848922685674704128
6848941907926584591
6848958762087156992
6848960147729960207
6849139091796282624
6849160135001115917
6849172354753465604
6849177771898440963
6849273789818113295
6849325235796184333
6849611318106934536
6850073170922196239
6850243506976328975
6850318649975229696
6850444269824527624
6851131414222490894
6851149328103394563
6851208905821883663
6851383928897539336
6851539649047923968
6851757877980368141
6851858629604150540
6851858679331884301
6851867018145090819
6851908839277595918
6852105097892121871
6852229819191676175
6852295865047026952
6852322189618842888
6852598901032160520
6852625488393866511
6852677764353379597
6852876712024280335
6852945157218766091
6852945783688285454
6852959254513536270
6852973825793985804
6852979877516283151
6852984894365207821
6853077464843832583
6853242304224922894
6853279754209086724
6853626230684650755
6853657007828847886
6853962519736798479
6853972709974494472
6853973226440117517
6854042677390904583
6854064950038514951
6854069496425073927
6854097139853757704
6854107493627399437
6854411205600136455
6854466699173842176
6854532920569236744
6854704649019198727
6854770358029995279
6854883426433060096
6855409013547470095
6855465207934831879
6855475582453484811
6855480621616221444
6855504368691678472
6855577899844635919
6855617331767381256
6855968771857861895
6856934489415814407
6857064672776949003
6857313418328689935
6857411280916057357
6857423306220457230
6857760867765800195
6857769856498994439
6857787505337535752
6858057926506990862
6858063433804401935
6858157169779477767
6858462238185966860
6858470103583935751
6858568240021409024
6858629768552713486
6858865626597903624
6858882581929168131
6859189072108260612
6859227229776268555
6859536716722638095
6859578472910671108
6859694525888122112
6860077218111016192
6860312102125456644
6860315708467711247
6860436552699350272
6860488338697276687
6860665652357631247
6861885697775701248
6861904335417232653
6861920937609153807
6862146422674836744
6862161911828499726
6862492808612154637
6862496739316763908
6862496783692500228
6862620046783548686
6862620542722149639
6862626165442514179
6862632021471005959
6862706010994248975
6862992444389199107
6863203977656405256
6863261542293441805
6863352314317638924
6863670234700680461
6864306556071087367
6864452334915816704
6864923280172666125
6865119605233405198
6865153689397497101
6865234646532132096
6865921098651897103
6865979338509126912
6866197280584699136
6866260665762401550
6866295416246242574
6866321876864552203
6866352267004611844
6866360146147265800
6866360691012472067
6866400849942351111
6866426039648718088
6866629945838275852
6866678444009327884
6866707115373825288
6866755739868843276
6866979815686294798
6867068647152700679
6867119524294954248
6867356883720736011
6867361315111980291
6867364396381768967
6867451579465764108
6867859275339861248
6868242677725400320
6868252662182186243
6869287253827521796
6869932962536819983
6870028793084480780
6870133525300006147
6870291697490840840
6871052742379523341
6871418953919515911
6871564257146785024
6871569249878478094
6871605448215186701
6871826519736585479
6871882437987716355
6872205855849221389
6872218356959677704
6872241276243250444
6872270966106459407
6872644808154844424
6872900172397989133
6872907441135275278
6872926439709134083
6873110086781275403
6873624092294073608
6873624365544574216
6873624849114287368
6873739404939136268
6873740731245219076
6874220865987415304
6875320285118156044
6875506196208504078
6875521596296137991
6875710565008821504
6875802829269880077
6876084422584585472
6876220191492148487
6876257542276730120
6876307200378146059
6877516937170144520
6877678568873168135
6877747200793857288
6877826756015852807
6877905833980726542
6878118954947087623
6879648527568375051
6879657338479922447
6879725157846387975
6879925463733652751
6880825119963434247
6880907739334315275
6881087516192050440
6881220567740058883
6881463059546672388
6881900497465380104
6881935035121847567
6881996672826641679
6882019900957707535
6882207314565287175
6882261368679025932
6882284651981950212
6882324874296167688
6882327798631943435
6882335565744721160
6882519280492055823
6882551291101465856
6882572192501026048
6882597499773734156
6882643461967777039
6882688817216687360
6882734940627258638
6882908970764242187
6882945901367676168
6882958721719323916
6882982172739783939
6882995145646673166
6883002263124626695
6883028290722876679
6883093359997635854
6883109921852804366
6883309663887052045
6883331385835244813
6883425147680804100
6883427969172393231
6883481842016603395
6883688654267567372
6883695293607496964
6883734332104510724
6883768866443414795
6883831030139194637
6883851924790136064
6884213334812527872
6884233572681567488
6884560770525400332
6884573066844835086
6885306773683653899
6885912598605237507
6886048565702053133
6886309004423810307
6886310115218132224
6886317851376913668
6886334348988124430
6886357948747058443
6886430430208298255
6886690524598635784
6887458098420731148
6887468950859435268
6887537198124567808
6888160891062193411
6888185150035758348
6888255713102105859
6888541926488804621
6888561950561684747
6888873897144454403
6889320431329840399
6889334569816853763
6889365879549676813
6890103435056647424
6890346401767623944
6890557139635473668
6891203642074926350
6891553112411196685
6891596634208210187
6892156062619749645
6892230838822440195
6893044994064600332
6893077965429591311
6893389748480625934
6893477906882874639
6893761625375902979
6894123222929902862
6894123336046005507
6894418284972641549
6894435692538088707
6894612649531723022
6895138486022688007
6895645115327548683
6896079262370057479
6896293361062251780
6896373201203514632
6896489623871032590
6896644027702152455
6896644309940997389
6896645750239808775
6896777878248131855
6896798684684553487
6896848817627450637
6897034063606058253
6897483952299314443
6897530029597527309
6897953983655136527
6898304240838561035
6898573443512552717
6898627406563757316
6898648376951311629
6898989866432908555
6899240792330718477
6899267608013507840
6900018298834930957
6900020602325716237
6900073008388459784
6900287208352189709
6900421259419487495
6900901879304211723
6901142136364862731
6901513323875978496
6901544459809459463
6901555943423692036
6902244200536984835
6902403863274425612
6902612730855869703
6903391663654259975
6903409421183995149
6903417736039271688
6903438963965529347
6903482569623375117
6904190453969620232
6904831360410602759
6904946721210617092
6905321879456861454
6905496338289511688
6905628008716029197
6905746694005099791
6905905064129416459
6905941408226528527
6906270461873622272
6906310378238561549
6906526529145081103
6906797838299090184
6907161181887220996
6907264931377286414
6907416097469910276
6907898669622660365
6908100104171883791
6908203817863499016
6908520057878498572
6908524417744194824
6908546184256834823
6908996925001862407
6909380431892794631
6909663625506508032
6910034292022217996
6910238257267641613
6910459766439447819
6910821547510926592
6911241104876752141
6911639638021098759
6911885762459962639
6911886311465045259
6911946224694250766
6911949842147233032
6911959319927852295
6912372801232047372
6912653109466647821
6912698771163991307
6913508533107543309
6913856829122465039
6914471100944551168
6914570532776103175
6914595715704458511
6914868017910320384
6915282201991007488
6915942286828342543
6915977232523545860
6916026292047514887
6916043629995887883
6916048903624330500
6916123476306742531
6916438087664962823
6916496093836594447
6916680730785402119
6916693245837806863
6916697301520043264
6916735523188952328
6916754377227111688
6917413709052660995
6917513241031642380
6917513401027677440
6917514786771160333
6917518319717338375
6917519769889541391
6917521385057160455
6917530149990698240
6917532912292252943
6917534938292079879
6917951732773375239
6919103246233570564
6919111578998639876
6919633818316066051
6919727281380363527
6919800791696002319
6921274634578988292
6921575944729693447
6921677973334543630
6921872907924802829
6921906621920627976
6922285670010473740
6922462128716729615
6922710442745941262
6922772290446937352
6922777435528285448
6922820326267178252
6923076210650139912
6923111319516269837
6923248650873326848
6923485823371447559
6923791489453575439
6924115033282596111
6924276158305438983
6924308985721982221
6924492691766037760
6924506575486930176
6924875295799430415
6924956003725364487
6925030631521013004
6925218688496962830
6925223734156545287
6925313216381734157
6925366755388886286
6925552908167630083
6925587022056836366
6925630911501307147
6925771486640819469
6926078836232736015
6926098495787126016
6926555529158364423
6927088372099927303
6927098259127274759
6927186101178502408
6927492596331728135
6928395135147314439
6928624085714914573
6929818142382247179
6930058090414951684
6930455911005834508
6932598050611334403
6932785250984660232
6932788605169487119
6932791427265072397
6932793941297270024
6933020013653691656
6933097002435726605
6933945482934832398
6933984545607863556
6934516526846430464
6934517181774302464
6934678435339980046
6935052777273969934
6935411196338228495
6935428450366803230
6935430732693146888
6935640384068439332
6935673902374997278
6935740364347149583
6937064570032819487
6937114875189595423
6937568290604682499
6939804053744536839
6940404918889106722
6940819252114935079
6940947333114875174
6941874367362026782
6941945811177606441
6942027436464852254
6942046714337578253
6942111753811627264
6942444605975661858
6942624537611717896
6942767871684578591
6942865258377694497
6942867105645694216
6943077802723822881
6943114614414609667
6944183348491308318
6944563014737644813
6945220453338320142
6945371204471573763
6946100869813357865
6946368506640223519
6946559118064848162
6946922230706097408
6947274925078039811
6947308827322731779
6947318617755127078
6947553212157152542
6947639066594790695
6948423138476625182
6948604237312052517
6948604620235148585
6948746414448987404
6948988362430680351
6949057632543968526
6949094701811174692
6950171571306695976
6950543663424359693
6951669781250542879
6951984332437245215
6951986198319516939
6951990295361817860
6952011958073838856
6952024742920604958
6953206357570915599
6953603582159506728
6955383616880856356
6955760886380367141
6956010318124404002
6956048707829746974
6956472320345066785
6956513104595307776
6956861520747760933
6957332862806871333
6958612363197041931
6958748319191452964
6958774352036891917
6959070097126346025
6959100069924654372
6959153860627811597
6959445688598023432
6959557935596850435
6959868141245582622
6959882766800407843
6960467999165926696
6960500262389697806
6960564672554667267
6960565268309445895
6960566438436326693
6960636617618967840
6960701115130285346
6960894401027575040
6960982614324874496
6961171972868902148
6961335020694867240
6961414337353354531
6961542946059488542
6961619376055291168
6961635135196351781
6961671164758445324
6961679665048096031
6962035654960106766
6962281009354149159
6962419458421886248
6962474748638940451
6962697672247627019
6962719307059006757
6962773069005950244
6962815025379544350
6963127737955470633
6963475755355393315
6963661561554586895
6964305242070469922
6964307997883403527
6964344406887517471
6964369257022999849
6964695121380035871
6965408559379074340
6965421764612558091
6965453905228483874
6965764136655539493
6965901953180208423
6965921131731651851
6965924270757170445
6965930944154897672
6965939071847779615
6965939647004298499
6965941390442351902
6965944220968357134
6965944255768513829
6965945917509733635
6965948064905399555
6965948653118704926
6965949219823734052
6965954615594503427
6965969917724101925
6966482095812218144
6966539647115709708
6966595257593007374
6966646454219787560
6966865626539379979
6966916807554813222
6966937438413491488
6966971745383320847
6967168386627407138
6967239675295616293
6967251039728749855
6967292987084672267
6967505700071263524
6967522520727653673
6967733989947837730
6968670645626342686
6968679947346939167
6968682298413780236
6968702523637108004
6968703581247524109
6968705181332557088
6968712359783288103
6968732100300180744
6968800423142624520
6969037949920906509
6969073275540491535
6969087488023448871
6969091056004599055
6969101155754364160
6969110448809544994
6969113905746496806
6969132100066839840
6969134658978106632
6969146657258736934
6969441526204108062
6969600590737378599
6969713655126510879
6969811065626496293
6969968631992028453
6970158017438387464
6970194168421403912
6970695764582370571
6970861964713004291
6971075536311307552
6971261971538742542
6971562441322827021
6972355496539868450
6972363800263675151
6972388423386582312
6972402411998678308
6972420491227188487
6972433581129927976
6972447113024146703
6972703718487756032
6972797607403932966
6972815906502151463
6973100059894254859
6973131309623332131
6973131558630821128
6973131802902891810
6973132866595130663
6973132914473061644
6973133690469633314
6973134961222143266
6973163491779726607
6973583949612256526
6973621961121484068
6974326372076473639
6974608529348889887
6975525474722270494
6975634643404033293
6976057009275784460
6976190785423199518
6976556097561824525
6977225430944255244
6977581008392555784
6977896947092819208
6978447063453273352
6978451541418069281
6978466384560803103
6978809243185073423
6979490643181620516
6979842981633215755
6979954800599371039
6980163382900952352
6980688326005214476
6981097615320468743
6981724915720310057
6982133029397482789
6982426156553260301
6983145466733120775
6983295000121511208
6984060939821714691
6984169828995042574
6984397462026997026
6984729526995586345
6984774738744790285
6985499664539831593
6985718689903545641
6986149633626049796
6986540295076859144
6986771327285726500
6987023271656967428
6987344677544398113
6987545166991084813
6987554046303407391
6987628050611588367
6987652076654316830
6987686503098895647
6987692817392979233
6987694426378358030
6987756426290531624
6987765025024773380
6987926512364277007
6987961460941016334
6987976900471770399
6987990211426815245
6988011078420647198
6988028759072967940
6988034393491246350
6988083209904934179
6988085268494552356
6988105022747807011
6988160063231888675
6988277007628897571
6988313422119177506
6988319574223555847
6988342947431353604
6988345870337051934
6988347102770335012
6988347682641202465
6988350632432356616
6988355283214929155
6988362750644784423
6988364635367886087
6988367031007464743
6988376220043955494
6988384134892703012
6988398931788975391
6988398982594596103
6988417863581256990
6988436971450371342
6988446831701282080
6988463734175943967
6988470819655666956
6988490986850651425
6988500375594749214
6988524874654289184
6988538403017035044
6988539797950319908
6988569067028303141
6988633278005644578
6988648445850455335
6988654591785061672
6988655021533564168
6988658583508487432
6988677562289458432
6988682262237793550
6988685306669092129
6988717281333251335
6988722921858518276
6988727422384344333
6988731395401059591
6988731721214594308
6988749025277136159
6988778497846152488
6988783850839133471
6988806768662957312
6989014784683429124
6989050946466630920
6989054254346456327
6989056563323358501
6989068562510007590
6989072004984999199
6989073697432816933
6989095482073025806
6989144378392497415
6989223095152217356
6989233489522527503
6989245926250532137
6989424478283435301
6989433418803186975
6989452227056258318
6989484406104689957
6989484416708005152
6989496406260157703
6989542437265935629
6989551730866359564
6989576732403698985
6989838370146979083
6989873964189240584
6989879848529333512
6989906160413445406
6989987731669617957
6990231897909562635
6990235515492502787
6990242302790880543
6990245576285768997
6990259339986603276
6990259916208393486
6990274939051986206
6990277053945777439
6990277333823343879
6990288935809273120
6990315589604625703
6990396523871767844
6990508795952713000
6990601021982543104
6990642579951947038
6991047652259499275
6991053959905479948
6991063619983166733
6991271392138317059
6991315650144767269
6991335890241015078
6991483878930124044
6991491832731471143
6991492579351203103
6991494535851330846
6991510973530033441
6991520662259125518
6991877895970884896
6992104868131458337
6992154335161486600
6992174785912425736
6992396704175639849
6992530636137352481
6992536341691010304
6992786592934956325
6992805039286930729
6992864494305217792
6992870723819801887
6992930408786644258
6993132366109641988
6993172696712482062
6993190210511146243
6993667558448696589
6993691653328489739
6993695176057277704
6993897539623800100
6993940443503365383
6994584141287165219
6994715205578149152
6994735251490704675
6994787235748924703
6994985239529426206
6994992929060277507
6995111532946328845
6995183568620195103
6995453847942499615
6995471139426274571
6995926599174507783
6996149984123014411
6996208267248536865
6996260709923425574
6996465978309643527
6996960184220339496
6996961870460505352
6996975047013354793
6997215310415662375
6997255056294677791
6997606856353008911
6997617707092856064
6998389046774959397
6998406307627699467
6998441704458161444
6998450830852541708
6998453571247164685
6998461234035150117
6998537799976619295
6998644293661429003
6998682545118367013
6998697010668784910
6998757889745718536
6998826355425086756
6998925550685261067
6999202660243033351
6999580002933116198
6999606918415273227
6999618607625866533
6999789925893737735
7000234313220476167
7000288201763982623
7000396692839271694
7000551278275300608
7000613000121945351
7000946768321989901
7000948535936011557
7000990476274830629
7000998985607531780
7001004084434078976
7001135709012741410
7001292102290132262
7001496580188572961
7001781542766775583
7001793175912205608
7001836155834567968
7002009621653130496
7002013336548297992
7002406832895577383
7002498473455045902
7002783251727142174
7002787673081449741
7002792398082411790
7003174376501693704
7003323274218261790
7003597350492982565
7003604300123442436
7003606994833771806
7003633195887381797
7003728090253774115
7003940340956761381
7004044204104092935
7004128355888958753
7004304973991365919
7004371861605764365
7004711785823472936
7005070507431169288
7005117123030797600
7006256451161214221
7006505596249738530
7006550296226712862
7007025077606714635
7007029125328178468
7007256255601331471
7007294950069013775
7007318985393851678
7007322146288504096
7007335568988212515
7007553697945324803
7007602560160877859
7007607583020240164
7007625423093796132
7007689008151055630
7007696528345173252
7008076204368596255
7008191125190151439
7008243555298774285
7008360046098746664
7008444285003648291
7008444769395281165
7008532276556434726
7008759062632434944
7008814496965741828
7008814789472374054
7008815008708611360
7008825846341340449
7008828598815591713
7008903037779479849
7009133406340631842
7009449459268537637
7009810928149548318
7010563690705538335
7010619156492061965
7010720850617879845
7011714515356159246
7011798479798324520
7012226315784899881
7012377268827802895
7012550052149349671
7012774343679724841
7012816937730313502
7012823302880185607
7012839691653369118
7012842517238533406
7012901246478667011
7012977027187821838
7013170559047568673
7013226060045110558
7013334169975606561
7013491373680758050
7013527137529384226
7013533576759086366
7013535575290481950
7013592085433535785
7013606549541227807
7013617655517056293
7013619339924360483
7013628745391033614
7013637183722507533
7013641819443563810
7013643268407741709
7013654980955557150
7013655059615583492
7013670245978148132
7013676560733556004
7014124247391931688
7015088065521683744
7015088330807217416
7015096155822394631
7015112781401787656
7015126847277124878
7015131742344350984
7015162143196613920
7015179078063918339
7015180893803351308
7015413269745700134
7015504911643299108
7015819288053402912
7015866922952641800
7015912615247383815
7015944426862152963
7016082793277033758
7016216852875562271
7016269741698354467
7016295347622366504
7016541340636941599
7016544513078431006
7016653111951478027
7016857783479979301
7016886917191044392
7016925919562501389
7017376717115264286
7017414510847724836
7017442227408473385
7017526065920789800
7017697773889834276
7017791130548833536
7018010806272920835
7018074404609330472
7018081523995888903
7018090584246160647
7018140769592675620
7018142188026547467
7018157503468834084
7018167400063372581
7018344678059724047
7018372776943766823
7018383515674889504
7018783925770128655
7019175347518328098
7019229281704250662
7019485257175043335
7019606833019047180
7019625163473865996
7019796409754881316
7019839633865428262
7020227111260523809
7020227558654479650
7020228622967491879
7020242118274764046
7020326987369696526
7020393255414156552
7020425430473706765
7020440059090406659
7020553684987809032
7020557739868867870
7020632717368888615
7020635036290501921
7020638514916117793
7020645164867702055
7021067470937001254
7021083431903808779
7021151306094038307
7021159338882370855
7021289862108122404
7021306852726050052
7021383978431106311
7021399162243534118
7021409894137859365
7021437448987102471
7021440042019179791
7021444066311179560
7021764129945898271
7022645150371433732
7022913322009890051
7022992369045851404
7023011062509260071
7023059343138442511
7023193130031713575
7023244925978397983
7023245555539184931
7023258320903441699
7023492285463612708
7023692039996919080
7024047971012480293
7024060485381147918
7024261770944531751
7024386092619025676
7024506816197365003
7024763407547125006
7024788820474318094
7024868156531330304
7024869071128628516
7024872299543235874
7024878215407619362
7024885711677525260
7024927766906719518
7025048954974833934
7025136991641537833
7025142316490919204
7025145570293566731
7025167215913667851
7025198307337063721
7025218023657114910
7025399661116525854
7025586251960945958
7026283453658287400
7026286039853550882
7026575265421610244
7026682604434902276
7027022221763824926
7027490498361265443
7027674089112341795
7027788692471287076
7027839508112477473
7027840457686224167
7027841726249209124
7027846689465568520
7027850535449464076
7027857818065669415
7027859856119958820
7027862919559925030
7027865298359307553
7027865369087872264
7027865610503605508
7027867462083398945
7027873765598055684
7027875719078366476
7027877118893640968
7027884760277994760
7027888720120384775
7027894775168634148
7027898091239968031
7027902340577479975
7027945823648435488
7027992116609453350
7028054479111015692
7028133155794111757
7028138502562860301
7028207119946059040
7028529035609148676
7028615037652618500
7028703095957851407
7029201231767784711
7029504216238427431
7029510412718624040
7029577288278641927
7029590123297754371
7029591662020070691
7029602985692941572
7029617693196160290
7029969757415673119
7029994065131277598
7030004578389183784
7030354324840566029
7030359137842154752
7030541499603455247
7030579781770988808
7030642279803079973
7031042923403726118
7031081942648933670
7031092145968729378
7031123988202016039
7031561017180065063
7031865728416468236
7031973520406023427
7032175363627240744
7032213017500732680
7032287848623639840
7032453438562700578
7032614704946138404
7032866394190417155
7032869305435933963
7033034658308771110
7033359367730777348
7033568781016239400
7033661092387720460
7033779180982603049
7033979808505777411
7034062611872238856
7034083180672011552
7034118132620971303
7034350483309399309
7034461852092353807
7034590432021581088
7034629754259098916
7034683697068592424
7034840731491634446
7034867342387596559
7035041510471093508
7035068206834355469
7035112768273517828
7035206290636836096
7035462964685704479
7035527261545598243
7035537991837699368
7035914620879555855
7035936383457824041
7035978396383431976
7036877571987934479
7036919950036012292
7036923326471671053
7036952898252639503
7036960164108324109
7037223827880938752
7037346913875709197
7037347520925715720
7037462720379211011
7037720351664590120
7037803401752677662
7037808720532786445
7038252244478840095
7038497948476378383
7038557817552293123
7038604197650058503
7038747888897264935
7038847899148504361
7038857031654182148
7039178038545845536
7039183851284860197
7039513583717272863
7039894871749987621
7039905905583918340
7039922477526469901
7039925672155860265
7039979927290039588
7040050087627607304
7040074834931354914
7040430360127130892
7040459322459032873
7040481564500774178
7040585061250469158
7040780207178927372
7041376892577991973
7041471601153559815
7041770702990626055
7041933462365883683
7041976735910432034
7042127707425099016
7042467822664043783
7042505949998828815
7042654809836621071
7042840706381106439
7042975466105343271
7042975772717436167
7042982526268362015
7043265905731620103
7043312251079576864
7043412541501984038
7043426723593014562
7043587064008281358
7043686053001186567
7043720289464749325
7043725834615606564
7043748758198258975
7043791676510440745
7043952122508872994
7044047262388882688
7044335645887712548
7044483368649493797
7044719543280848141
7044795417824922891
7044849883752320270
7044899170313850153
7045091116760239360
7045236629421690153
7045264001541917966
7045383922292641031
7045640507996916992
7045925414622989605
7046160617840856361
7046313095060311333
7046643645541403941
7046943614638787872
7047031603356388621
7047470404633480462
7047811261353987369
7047824234395045156
7048461958416305448
7048471469944327464
7048576318459497742
7048783060040551710
7048807143155191081
7048861382715936035
7048879953420569893
7048919632329067810
7048940393475460387
7048950287305952544
7048969477999840516
7049357768301546755
7049581887957896480
7049723441108241679
7049920788383698215
7050033675534208256
7050313098820947207
7050407300435053832
7050760867020934414
7050820590671842572
7050839413848296739
7051110607449263398
7051811666438196521
7051877619251318023
7052273452274830599
7052522725612489992
7052674165236583688
7052861203307056414
7053012112385363215
7053069428979764487
7053088371425529092
7053369565618670856
7053378834468474149
7053384921401789708
7053608466006510880
7053628147362942223
7053657591594962210
7054011574050147598
7054330907901136166
7054455374837075204
7054459665228303657
7054496591473855747
7054523893691829544
7054857378411400456
7055097663162879272
7055180730518883587
7055213699849538831
7055265850936397071
7055512816345795874
7055532121758158112
7055540654083935523
7055801040767159565
7055906127388658974
7056176038535056651
7056300233491303691
7056367962126634253
7056381386420145444
7056399445985987871
7056402040389520648
7056404286284090662
7056682221725388064
7056960971734109476
7057098924561108262
7057110614602288425
7057257608880655650
7057819525407952167
7057915117601688868
7058183113519746307
7058189158447140103
7059265016276552992
