3x27f5qs8sye8jy
3x29qa3tdevpjby
3x2cmdj3f78srsm
3x2gz8xbnubcjzu
3x2mm7xmj8wpq5m
3x2qbcnaz6iin6a
3x2qdx6vwrnaeqy
3x2rcnynrkcq2t2
3x2svp7wtrysakk
3x2upyknqurag54
3x2x7x8gg67q3be
3x2xkqtcffyy486
3x2zch5gn4zh9tm
3x32xpnzvy8zprk
3x34txsgh77wg3a
3x36yd4pq593xgq
3x37hj7i43bnwxa
3x38ctqewjb8hmu
3x3b5qt4kh322tu
3x3d9amy5hstrcw
3x3e2d9kw3d38fc
3x3j8ngqac98k5i
3x3n7i5r7mx3zqc
3x3nakwg44m3c8q
3x3p585pre2uq8c
3x3q3hahn6m93cw
3x3tsjvcbd8wzpi
3x3ybfqfsw8k3kw
3x432tjvxinwezy
3x44qdubkgakpya
3x45r2zhabatrie
3x47b3x2jxzeu9s
3x47nmzxjjrrxjw
3x48ret89vhanji
3x497g6axqey4i2
3x4b4heing4qn8a
3x4h25rqxf99t7i
3x4hr9wjkn9q6uw
3x4q9qnsrpvf4je
3x4tpy4899xiyie
3x4u2idyuju97dg
3x4vjn57kdewfhw
3x4xui9wvr769g6
3x52i9jh8en2xa4
3x565u5rqzmdk2k
3x56fqqqan35vtk
3x58gquvkdiqvmq
3x5azhb8s73fe3e
3x5cu7ezz33wf6y
3x5e3gp2d87wyqa
3x5ibdcizvyit4a
3x5p3pvd8pdky6c
3x5qyy5ckq7swuw
3x5sidac4zdeb99
3x5ukaaarhwb6mk
3x5w3hq73bw9eby
3x5x5miprkvphbw
3x5yiw5hwys89cm
3x627meastrtcsg
3x62d3gz53276vs
3x65ep66n5zqdxm
3x65sbt4v37rncy
3x67f6wjets7kmy
3x68zxc3ic2uk7c
3x6darptsdf5ic9
3x6g8rysfypvsc6
3x6grrjdmfjcvgs
3x6hfvinryh5j7m
3x6rd6qtetk9b5m
3x6rptbr78izvt6
3x6rt3xnesb4qpe
3x6snt7agsnh6yk
3x6x7szqy97ixya
3x76a99a5e67jre
3x77de6ge8bcspu
3x7abhetbrdcmes
3x7e85f2nh6r2wu
3x7fmnb83cu6p8a
3x7i6xjvpbrjfzk
3x7kapcdec4yft9
3x7t93y4spz9vce
3x7tg8ssm7zb8g9
3x7tstw5zadfd74
3x7vk8jk8uta35w
3x7xvgsxawknjwi
3x7yb5v5zsr9iwi
3x7zfafv64yz3hs
3x83aw2k6kj6ce4
3x83d33mbekpx9e
3x83zw7z59qpfx9
3x845w5ghsgk3hy
3x84funch5xarre
3x8dp7zscxri5d4
3x8ex48wyuc5uhm
3x8ire7jezweh7c
3x8prc8e4yqbu3i
3x8qz5767vxkabm
3x8te6xa787myhq
3x8trva9ykrpdr2
3x8ttrx4hstaer4
3x8v8sbdv5rbjfs
3x8vm4hb5ba66bw
3x8w26udth22cu2
3x8xer3fc5y46dm
3x8y3r78ih2pcea
3x8yvwgeta3enn9
3x9bqung2nu7kc4
3x9dhy9fumft48m
3x9dv6iyh9vqsny
3x9gi9csrtcsg52
3x9hjpwvpvwhnvq
3x9jss8pgj56ipm
3x9mdqekeuqr634
3x9nwnj84m3cq32
3x9qj3njeezgam9
3x9tqsx6ue69guy
3x9znjfdy6mni56
3x9zrpu3gbf7hh2
3xa5iafpjk898ck
3xa9xu44eur6dy6
3xac2wqftvihbu2
3xadc32fxiy998g
3xadd8whdwr4awa
3xafa6w6iksyr9u
3xaghn65czmtaya
3xahzbnw59bgiv2
3xai6e23q8ctwkm
3xajber3dnycv4i
3xajrrry5huesxg
3xak4byq8e4ke42
3xakxrebxzvt9ym
3xann9z9p6a9cnk
3xazmuvizcaakxm
3xb22nscgvnff3w
3xb6iv9nfiwviai
3xb6yajw26xiumw
3xbf77vbekt2azq
3xbfakcavgfknsi
3xbhduy2wyvnjdk
3xbiwhc4gr6aarm
3xbncbnmp6bht7m
3xbp36nyju5yc56
3xbp92npgu2ppeu
3xbuujgiy798qk6
3xbvqhdas3sb89s
3xbzd2raj97hbni
3xc3855y9s3ek7m
3xc46me4rch5p29
3xc4ddad3iqv8d4
3xc5gnc47aqijk4
3xc7n2yjnjv2bru
3xc8f9m2xq24d82
3xcgbi9d2d8rmmc
3xcgikuji7xnvy9
3xcieg4sgab3wse
3xcjwkhg9a9yz4m
3xckb5udfrjmrq9
3xcub57ub6j9jus
3xcwdz3x45utvmw
3xcz7in4que5si4
3xd2pmsy6jz5t64
3xd44tsqxrjfbaa
3xd5tzsfz34vufs
3xd8gse9sunm5rq
3xd8unj8q8q95t2
3xdbu5uxz57diks
3xdcfg2npatercy
3xdcjwjrxhwsqcq
3xdepya4cw8t6t2
3xdf9duhj7279wy
3xditxafxkx2p52
3xdjh38f4v2bkig
3xdpafj89627ji6
3xdq4zhsege5nsi
3xdqfdv7mydwwfc
3xdr3mm36zqbm74
3xduckhwh76ywae
3xducwys6mt3c4y
3xduvt257dpjr52
3xe3er4rmquccza
3xe6si4ifnmtt46
3xeaxug5we475m9
3xehdxv4px2its2
3xehe4cbsrr53vi
3xei8hkqz7i5kxi
3xeku62m6ws5f92
3xekv75eurqih29
3xemxdkexfwj2ui
3xesx39h9s7x9bw
3xetaq3xubvsd46
3xf254cgufipfa2
3xf6cvqp456tjkw
3xf6gzk8mebxyjm
3xf849a5v87bxnw
3xfd7k6bvnhhebw
3xfdbetmka48eiq
3xfdxig3uwizb8c
3xfesnh86g47gq6
3xfevhdwe9iejhq
3xffthu6xe3z7bq
3xffw33yzwyxn66
3xfj824arvdbxn6
3xfk4czmbv3psey
3xfqd2936x56sa6
3xfrr3t4zkmc5xq
3xfugyiwur4urtm
3xfvd5368w5aaw9
3xfves7h27ekhb2
3xfwr2gzemrgaxc
3xfyscnma4nsmyc
3xfysd9zwk29ggs
3xg2zthjskz768a
3xg6jpkp9afa9z4
3xg73rss3sdqqku
3xga25kuspsv7tg
3xgb698hr5jsyq9
3xgd7kfphm4dkea
3xgestwir9fq7hm
3xgfgk5d4pn3j8k
3xgh9hbqa2kcu7e
3xgrbg3v4xkw9m9
3xgxxwg4bs8hhiq
3xh38ex6a5q7fp4
3xh9gjxy6rkg5wy
3xha6nekemhtwqg
3xhbvhpsbih94ia
3xhcekjaafetqdu
3xhcrgpx67qcxy4
3xhep9azwbeuwye
3xhf2wrfmycgv3y
3xhfcbjf9z2m6hm
3xhg6rkhqhrzd2c
3xhhpqq7hw82wqy
3xhmq99savp4sxy
3xhp7c8a3piwgys
3xhqddfy9c767cc
3xhtptauynmdupm
3xhucc7we6iihi9
3xhx79jtrqtidx2
3xi25a5xuir6966
3xi6ijtrvqft7a6
3xicq6jv6caqu3s
3xigwzke8wpfjfq
3xikv9ux8yi4cq6
3xinbffb49q4fmu
3xingjgp2cywnj2
3xinxitcp8tr4qi
3xiqrgxk4y4ytpu
3xiqs66buw6r2jw
3xivk7kre5fg3qq
3xj2mevb7x7c36g
3xj5igrhtitfruq
3xj7w4vyyuumr3e
3xj8cwmikj2vbr9
3xj8k42c3vq3xr2
3xjbrxwwnt7eiek
3xjkkiwz4i8q5ek
3xjm82mkej2cppc
3xjmbb3zj82t4uc
3xjmefgwtxxvtgy
3xjp7rzxfjd5wes
3xjr9cdec5xgw49
3xjsgikfd6fxf4m
3xjv9ezq4nx68di
3xkca7qz2wrpzq2
3xke8g72prihncq
3xkgamjcnac2m49
3xkpprkxwqkt6ys
3xkqq4gqv2jwebm
3xkqrvwam36uwke
3xkr5cb62vrqgzg
3xkv3tjmzcqvn9c
3xkv582e67xapjm
3xkxw4ypb3z9dua
3xkyntm4ddwj69s
3xm3ueguexkhez2
3xm8r468bs4vh2k
3xm96t56etnsz7w
3xmef2pdm6j5iu4
3xmefydzub9tuj6
3xmfdvafpnuxhe6
3xmiinxjrd4pa69
3xmis9yb7m5nfas
3xmquur95nbnq6e
3xmruujz99fcdbk
3xmuhasc9stw379
3xmzjex75zxr66g
3xn46ahfmzxpkgw
3xne59yy72ac7ms
3xnh6ksug7tnyti
3xnk6im4tswztt4
3xntizpht5qq6ew
3xnuy4rkufkecmm
3xnv3vyayyczw6a
3xnw86kuddjgs2m
3xnwmfhb5zs943q
3xnyv8ctmhp8zyy
3xpdjq32v5rzp82
3xpe7ec2c8vxbqc
3xpej2n4cvt7keu
3xpfzzsb67hvhiy
3xpgttbxgecyw8c
3xphf5chuf8swak
3xpjyqpskjxsukq
3xppqx27b2354pm
3xptn4sa77yy3x6
3xpvhih995xmmk9
3xpy6jveyc3ddqq
3xq22983ev7ve6k
3xq2sckicwhcfjw
3xq5c94hz2ew6mm
3xqbbtffv6kfquq
3xqbh4dyn9cvpwm
3xqeqr9w3n4c7hk
3xqftm6axn73qxk
3xqg8tenvphfzbs
3xqi5sx7y8gmj9c
3xqjpzpt4e4jmd6
3xqnx3icyq3jvmm
3xqvbqu2mwutzqm
3xqwycwmnu69dki
3xqy7qr4amkp44i
3xqyfgx636625ag
3xqzd9uhwawt2xi
3xr2jb4vkxvc4ba
3xr2uqhpipvf9x4
3xr3j2kpcvniegq
3xr3kfv5dcbqine
3xr43wnyik4ei9e
3xr6rund6htjga4
3xr87chfid9wvpe
3xr8w76sn8v8uhq
3xr9mwqg8dnh9q6
3xrd7zptf8axz4y
3xreagrs6ze2t62
3xrfn5vz6ru7txa
3xrgk8f4vrrsghq
3xritiscbi6w5jm
3xrk8cxhhqwimqu
3xrmfsdwarjwyfg
3xrrf488kbvfniw
3xrrsjf2rsksk92
3xrrssc3euy6gvy
3xrt44jbg25c98e
3xrt92ujdh8b9ti
3xrtjhvvxn9juua
3xrvfxubh5jgthg
3xrw9j53ib359fc
3xrwwetz4befca2
3xry52emffxvgeq
3xryb33gbmepdes
3xs2zix577c8dt4
3xs59mg4ju9adx6
3xs5yyui9eixsis
3xs9psqgu52qt2w
3xs9rjfy95uj4ea
3xsefhr4knp7zvm
3xsejbt27c6r6i4
3xsgu5dt55qcfhc
3xsi8gvqrjis9uc
3xsjsfimkn7f4pu
3xsm3xg5m6b58c6
3xsnyqsk2imatxs
3xsszurwtabibs4
3xsu7qvs4uc3qw9
3xsvtp3d7txyd5g
3xsxag23qwd6x8c
3xt23az557iuvj9
3xt37ijwcw6bmda
3xt4kiqw99t33am
3xt6xxcdu46renc
3xt7su5k8aaawy4
3xtavn2cwiez7fu
3xtcrmctskmcn9e
3xte5yssxwrciwm
3xtewccrw3578cy
3xtfeta6c3be4p9
3xtgnmm6ti7dax2
3xtgpgvdjhncxw6
3xthxhuyacfred2
3xtj2c37w9gbkyg
3xtj5q9jpwnmgqe
3xtnv52edctx7gq
3xtrcijpu64y6xc
3xtriv8dv8gjwk2
3xtrrhe37egsz7s
3xtrxrpz8cvkpt2
3xttzee8t79whbi
3xtug64ruchdhnu
3xtwsf2e372g64i
3xtxwuvhuxfwda2
3xtzz8mxtfz4wc4
3xu52mp9qpgzxii
3xu6chvjsunkf5e
3xu8n8jmv53tx34
3xu97ycpgwz45vq
3xu9ax8fa8w39iw
3xubjmdsfgj26m4
3xubrwrx6ik7eyk
3xubv38juwkvaqq
3xue2zmk8tyzvc6
3xue5nc32hm4ahw
3xukbb7eybxbw5q
3xumtzkn6772xci
3xuuuke5drurc6y
3xuwiu26x2fzciy
3xuy84jd2yeie79
3xuznjigyifrav2
3xv2rkyp2bzajeu
3xvaagirk8be4b9
3xvcvr2nb4i2g3c
3xve3qzbjw2z6ds
3xvg252p7mhzxnc
3xvg6dikbufifg2
3xvivcpu8atrg3i
3xvmetj7ig58y82
3xvn2qdxfupbtn2
3xvqmw48imxhge4
3xvqu8etsfb5rbu
3xvs9yq5ssbq394
3xvvv5qkks2p7ba
3xvxpdrnhbrfsm6
3xw59ifzkrgxeg4
3xw6xz947f7uuvu
3xw9u4i4td5kt26
3xwbjveiw8ap69s
3xwhr7aqas4k4jy
3xwk5szsrzp384q
3xwkd4bdkd3yft4
3xwpzj888xnjjaw
3xwr99t37ja3jku
3xwrd6cqkgyqgt9
3xwsrgmtms5c75s
3xx3izpfnseke8i
3xxd6ngz33pknj2
3xxe2t6fsuzkm3g
3xxewae5afnmura
3xxhymwfjqiwaqk
3xxpn236a2yfygq
3xxsa325kecmpek
3xxy6dwpnfur2gg
3xy2qx99i2t48rk
3xy67xydmt3pxby
3xy7jd3smwfm7tw
3xy8gtn8hs9pa2w
3xycywheebhjz2a
3xyds2f4bvchnhu
3xyekg2aa2sfxq4
3xyercd6wh8acve
3xyg8i98945uhs9
3xyjd37ta8y88gu
3xym6d6rhbwfvwi
3xynvbi7mwja7zu
3xypsrhjjk8ygi9
3xyq4zsnhyksrcg
3xyqvxj6ss42t9w
3xyqy7bw625iqmi
3xyrp5kjzkx6i3e
3xyrsygih6yxfhe
3xyt72fwv379p46
3xytyzwx3fpd5va
3xyu78psjmtc77k
3xyy2c76kfs56gu
3xyyexacpdhqbxc
3xyyxafu83i2d74
3xz4n9de78h5awk
3xz8he5fpzius8y
3xzesivvcxr6tf2
3xzgq2kcu4xe9ce
3xzgybrcpf8zwfm
3xzni2rn9yb2ur4
3xzrpewykxkhw9g
3xzsm73a8bw4t5s
3xzxrpdjujcqbxw
3xzzegwhwiw7de9
6533114736177843470
6571231799966436621
6582489910870019335
6582761311287905543
6583481991964921092
6584654455793257735
6585097411885010189
6585423557172399363
6585751304314817795
6589356071775636739
6589801198071581960
6589802305174899972
6589804927680253192
6590972352731811075
6594392272438037764
6596996733048196360
6601418130373741827
6601480547455733006
6601505419212885256
6601509368028466445
6601627338029403395
6601686537832762637
6601690518281784579
6601693670523538701
6601707759312309512
6601765814712405251
6601803968425233671
6601810803031035144
6601845922928266500
6602089727090756872
6602092948031016196
6603693731239431431
6605897306417925389
6609092980735216909
6609129207760948487
6613318089943551240
6613654207608130823
6614033953328205069
6617393568547867908
6626546582256880904
6632919871975853326
6632978467921071374
6637504149732723981
6639480431265713421
6639931517634088200
6639935519650221316
6642214705265904899
6642473378819083527
6643257618611571982
6646725072495054094
6647411044501163268
6648367305724005645
6648940727432645901
6650031854579698948
6650290016838864142
6650290449728720132
6650297598831824132
6652318431716691203
6655457533551004932
6656020525690703118
6656349042290724103
6656609197859278083
6656727039187438861
6657315189093862668
6657757273663737100
6658113316042345736
6659638348123999492
6659670456464903436
6659729914352176395
6660794545132817668
6661953058412465420
6666751540021251331
6667832599202860296
6668169334721891588
6668604896394120462
6668609331593891080
6669263871984913678
6670066165177486605
6670080902330141956
6670418901978959118
6670693135917632771
6670698133162315021
6672594809124883726
6672596808490831108
6672607427034107144
6676824324873243912
6678180553243626764
6680479610414664974
6680484308932726023
6680486383200652551
6680495441294920964
6680725537217957133
6681488793100455175
6681912078522928396
6683802242291698958
6683804664594517251
6683813797590863117
6683993408370904328
6684239798695103755
6684799575590587651
6685248402101521672
6685248974707887374
6686481160224230669
6687077401081416967
6690094171123911948
6690414518859812109
6691220078169427214
6692770651482164488
6693353542767463688
6693371163273399566
6693709051819330820
6694947747214265608
6695230573637635335
6700861687563570439
6701101433736973575
6702031746860453127
6702591963255885059
6706017108238683403
6706025183452351755
6706303784215121164
6706307318742584583
6706666689691520259
6706693656956374276
6706724761545755908
6706725685160955143
6706733840070659336
6706877877868121352
6707438561051839756
6707520442938166539
6707521283178958083
6708125601703660804
6708285613214354691
6709366729115503875
6709747277369445646
6710765185000361223
6713066052504292616
6714197602209926404
6716132354248674563
6716849310362848523
6717151423227858179
6717960933538270477
6719188785428565251
6719367286420983043
6719472095836884235
6720202003189894407
6720810902158970120
6722341983882333452
6722372266396536067
6722677705763998979
6723140781441322248
6723476827882425608
6723520593372957956
6723730118780488971
6723758691306327307
6723837649523608836
6723856443524566280
6723878732349721868
6724072932240379139
6724073013362412807
6725014910033579278
6725959074594229516
6726863850802597123
6729400686074760460
6729863166571908359
6730434516105661700
6731971438481394958
6731998623359339784
6732020059977370894
6732085366825700612
6732333962821209357
6732370114181598477
6733128487613238531
6733905101359959300
6734183552138644750
6734952578938883331
6735274778426395916
6737173013730462984
6737250162667834627
6737281726466329868
6737534985860893965
6737562768133721348
6737972209689611523
6739877973362511115
6740095929317133582
6741271306672622852
6741307029693926659
6745966833112730892
6746097657741118723
6746738577272540424
6746904276045417740
6746905110107933955
6746916482405403911
6747140566040988936
6747713690004425998
6747974213874814220
6748975268213427460
6749276397937757453
6749387130092424459
6749752784016379149
6750084855222013188
6750090376167656712
6752403969139641612
6752421543512476931
6752463521885326600
6752500200847265027
6752744386607516942
6752769472836259084
6752778390366997764
6752814648501783812
6752823620881501452
6753893273120623886
6753918581664140558
6753966052528508167
6753977989278567683
6753996415292149005
6755327541562690829
6755405727952653580
6755416306075356428
6755736301779127559
6755768839365053700
6756049768167771405
6757690178191576323
6758599323153403147
6759121139760483587
6761524739673558285
6763119711237475592
6763127593215577355
6763131349818707203
6763184473241619719
6763209184528928004
6763220699252411655
6765476032708381965
6765480777158266115
6765504634174917899
6765832813238357251
6766217741016763660
6766220299689053444
6766220724072910088
6766228423317703940
6766234763129867527
6766370765701991687
6766392183114222856
6766508408339221768
6766592408340729100
6767245097198161160
6767485224801684747
6768748406232943879
6768749535347903755
6769364663302917389
6770980407262399752
6771036010101918987
6771036373781646605
6771251306406464781
6772392788966378760
6772786213909843207
6773597400549444877
6773826654889364743
6774614259935563021
6774946888216087808
6775001928356121870
6775010520979311886
6775038723521383693
6775057226185968907
6775101574776638732
6775508012497964303
6775682394864241928
6775705327359839488
6777155234998340872
6779517808494578944
6779859634711809283
6780217047482682635
6780264564631047438
6781430354055154944
6782224171817635084
6786394260695502080
6786554322516757773
6786601102973439247
6786995810811825408
6787190557866200323
6787712891559611652
6787931864230399247
6788717427145428236
6789116698042699021
6789126750887529742
6789137562125585679
6789212420637232392
6789230703390264579
6789239936978652429
6789269241737563405
6789396303777467660
6789411863441558799
6789446985515601166
6789475875122318604
6789515540890275072
6789737243754974468
6789764070896585997
6789799043749989639
6790377354146467087
6790512189703867651
6790610269031664904
6790828160695946507
6790904987712113934
6790920932694281487
6790922195494341896
6790987860217482504
6790994130337090823
6791023538900978947
6791042788709469448
6791071587224292615
6791087880077954318
6791327276693769476
6791424540338605312
6791783098536217856
6791831278296599822
6792571347609505024
6792710074407062784
6793448019225267463
6793884900228336911
6794048844045765892
6794988930535132431
6795136003800567043
6795390464452218127
6795726406232886540
6795764790707932431
6795769343574674695
6795843422155558144
6796086977654557960
6796235429608688900
6796250238131784975
6796269202954095876
6796278439218253056
6796616456328072463
6796850990931922190
6796863411708792071
6796939583679401230
6796985569776864520
6797393343480417544
6797924760434003200
6797925040911305987
6797946717984525576
6797955890583555328
6797977154782006542
6797997723753663752
6798008311460433159
6798066523282885896
6798119823319633165
6798440875786587406
6798661547246832907
6798683452519533837
6798719685182475535
6798738016669076750
6798778448115551495
6798791300012313869
6798838586625019136
6798897058364329229
6799062729790459151
6799129732211346688
6799207729966681351
6799212507085982990
6799214625020710144
6799215193923603712
6799232523990748427
6799285650232282368
6799402620197932292
6799408811812736268
6799433567362370829
6799438229041958147
6799445735189368072
6799481768757054733
6799487592053181707
6799522394093538560
6799533163812048136
6799592761499700494
6799592807204949259
6799610832528477454
6799630077681356032
6799632132231728391
6799804611491302669
6799829298762059021
6799842434990755079
6799871964044397832
6800313787682393357
6800324239707606287
6800390134777842952
6800697177376083214
6801386212029517069
6802604813633785096
6802751301202595087
6802770862526319872
6802839353497242893
6802845079288499470
6802851077705288963
6802916932044508430
6803209256284736783
6803220050435214605
6803550951979388160
6803607344740617479
6803630413559385358
6803631659339009287
6803639669138492680
6803680340402539789
6803906422519237891
6804689338765430031
6804697484024139023
6804705458432003328
6804741575374015752
6804747267786935560
6804780254742236419
6804990192773025037
6805114691329756427
6805136344969415951
6805163827123064071
6805178488119659784
6805200989348449550
6805456913506012430
6805484074208087309
6805904789029817614
6805939478151122191
6806184441392680195
6806205657587485952
6806606169847680260
6806627068806286592
6806636081799286016
6806845737222098189
6806900594234854664
6806994272903122184
6807251562881174797
6807575619598142727
6807605833568947471
6807624102896028943
6807641854180461839
6807984321668861184
6808073686147419399
6808536938602040590
6808538691502476556
6808539046395038990
6808542878009167107
6808699529592868104
6808728377600511232
6809082780979399944
6809086139736034572
6809088973919538435
6809108235757325582
6809422948814818574
6809915709791931663
6809993376138677511
6810183442228088064
6810205219067038983
6810214757627481352
6810227456126094600
6810235766942305539
6810242340108668174
6810271009959087374
6810275919236812046
6810319473573219595
6810398774649736448
6810434722972355854
6810563817186036992
6810648413433023757
6810729408022744335
6810751381972995336
6810857820892728583
6810861641392000259
6810892086141783309
6811717413210541323
6811731857701358848
6811750377726283012
6811820983104638212
6812182561956089101
6812205450403073288
6812356200517127428
6813635878624234767
6813917386270395652
6814020004724428032
6814223358167649547
6814350072894065935
6814358502589369615
6814398145854803212
6814451941804952845
6815055785375108363
6815151234698251523
6815153433662770439
6815608457887010063
6815763546740116747
6815863114907569421
6816180936074349839
6816602226124033288
6817309213111504139
6817453297524313357
6817675724665703692
6817979355336117511
6818106186253077760
6818172291185216771
6818176700526972175
6818177047186181388
6818178781300165899
6818180586310536459
6818180833631866120
6818182445825903883
6818183900867693831
6818189045835762957
6818194765524389120
6818211739641941259
6818254662957812996
6818456717186157828
6818512388380282115
6819121035665755392
6819136014683032840
6819144347590593795
6819163384739646732
6819192874383576331
6819209408438914317
6819225937868000523
6819587416542825731
6820072082794171652
6820179715064745229
6820640530037361935
6820699058919820556
6821040396726963460
6821104150999272719
6821462506544991496
6821722703318289668
6822179237424925960
6822741118699048199
6823363913669725448
6823900927192272141
6823927741784624399
6824006803018353923
6824273888134941966
6824298917363043588
6824303959415557387
6824343107169996035
6824345287847349515
6824447680635309325
6824456540989230344
6824457136597110027
6824515285085687048
6824693917791833347
6824790268290632968
6824833850066095368
6825418062817152270
6825652924190903556
6825848797239774475
6826694516725124363
6826978829282692356
6826987786642509056
6827436705751076110
6827616334147243271
6827719074328349956
6827747092371393796
6827785033965686023
6827804688365227264
6828063511369813262
6828084054592703757
6828108856078372099
6828312624011185423
6828710235448872192
6829139570873863435
6829225780535414024
6829344934055791885
6829451492391537927
6829573964378000652
6829612419829075212
6829634216347716877
6829659638355479811
6829946831397506307
6829977515516251404
6830322258532257024
6830624718748519687
6830735992824155396
6830756581827808523
6830943686621203715
6830947702365261063
6831126629700488451
6831180377688788239
6831381330450861323
6831473572704259340
6831546631620463872
6832145810059169036
6832185731620867335
6832616226582236423
6833180805523655936
6833266792295697675
6833574345193819404
6833590376872316168
6833986187829562628
6834090217914354956
6834678309704535310
6835438074969853195
6835822316132240651
6835958738646551808
6836034235967524110
6836168603889405196
6836172690861100303
6836177348363144463
6836179631603846413
6836180902352080132
6836183067531463948
6836183231293836556
6836184471495068936
6836185378953694468
6836185591537863947
6836221278811114763
6836670907902070020
6836924424860601614
6837109740330405133
6837784250800966920
6837836003022064896
6838012336184298765
6838043239178652936
6838058397108079887
6838123554500889867
6838183183779958030
6838356560104803584
6838411054205144328
6838420817282469120
6838454773600111880
6838470532753706240
6838517419460332813
6838545142350089486
6838570621010562307
6838779314671029518
6838788578584169739
6839197629331541262
6839222788197321991
6839291158720433408
6839340370296442127
6839432188866383118
6839504528132312320
6839631607658220814
6839913812527779084
6839977126981127437
6841202699501980940
6841313813887831296
6841369965208145156
6841458671445183744
6841641009479273742
6841698145173277965
6841738028021599488
6841814713282661645
6841818957217795335
6841898406458182927
6842097049127718148
6842189070978813184
6842213274075843853
6842285820909489421
6842302496388517131
6842634497394035981
6842834986417016075
6843335747563474187
6843587287889087755
6843792717835701511
6843986345631829262
6844116748266917124
6844306836745702656
6844439307940351243
6844484276851952911
6844743558939806991
6844756518349360392
6844761643717594372
6844773921955400974
6844775384911711500
6844776284652915982
6844778284421631247
6844778978494958848
6844791137807420686
6844811072893996301
6845066012333788428
6845080072357989636
6845131127754214671
6845253491976457484
6845297094828281092
6845554752420318468
6845664512251645199
6845956029348367631
6845971406891568391
6846270288255044878
6846277571336752384
6846314399595040000
6846941022308683016
6846962776804510988
6846996541232663808
6847022560618482957
6847061751171714319
6847313184450252040
6847352943386053892
6847423671095610635
6848005225207418120
6848177805520293120
6848230767944813831
6848416927472176391
6848425894361517327
6848464753204006155
6848501754376539392
6848769788425063694
6848770518095531277
6848788248337173760
6848835923430345997
6848844197701618952
6848846476597071115
6848850561106808078
6848856703497194759
6848861749949582592
6848868667233471744
6848899375402421508
6848922685674704128
6848941907926584591
6848958762087156992
6849172354753465604
6849177771898440963
6849273789818113295
6849580996883451150
6849611318106934536
6849733324701846792
6850243506976328975
6850318649975229696
6851131414222490894
6851132909647072527
6851147341253135624
6851149328103394563
6851208905821883663
6851398726708186376
6851503683750857988
6851539649047923968
6851858629604150540
6851858895221181710
6851908839277595918
6852471007010180352
6852522086913658125
6852539740328168717
6852586988072160512
6852598901032160520
6852869196473306382
6852876712024280335
6852945157218766091
6852959254513536270
6852979877516283151
6853029182356753675
6853077464843832583
6853242304224922894
6853279754209086724
6853279858903092488
6853595702258420999
6853598175782014223
6853626230684650755
6853649144918084879
6853654661677796622
6853657007828847886
6853680327718636813
6853696390283922702
6853944547446148364
6853972709974494472
6853973226440117517
6853989224878787843
6854042677390904583
6854043084150344974
6854064950038514951
6854069496425073927
6854097139853757704
6854107493627399437
6854704649019198727
6854760502371880204
6854770358029995279
6854883426433060096
6855096922303155471
6855465207934831879
6855475582453484811
6855480621616221444
6855504368691678472
6855968771857861895
6855981062661754112
6856594694877596942
6856934489415814407
6857064672776949003
6857307515592396045
6857313418328689935
6857330618292768013
6857375682675166478
6857411280916057357
6857423306220457230
6857760867765800195
6857769856498994439
6857772551565839620
6858063433804401935
6858157169779477767
6858255021612469519
6858462238185966860
6858470103583935751
6858543833941101836
6858568240021409024
6858629768552713486
6858865626597903624
6858882581929168131
6859189072108260612
6859227229776268555
6859536716722638095
6859606107627818254
6859990030639828238
6860043902666198275
6860077218111016192
6860312102125456644
6860315708467711247
6860326519579970819
6860488338697276687
6860665652357631247
6861177952336448772
6861501869743770894
6861868178411212046
6861885697775701248
6861904335417232653
6862170451624447245
6862228172075765007
6862253405146975491
6862262999323774215
6862492808612154637
6862496739316763908
6862496783692500228
6862603682614185230
6862620046783548686
6862631381806222595
6862632021471005959
6862706010994248975
6862711949310856456
6862992444389199107
6863203977656405256
6863261542293441805
6863352314317638924
6863372774707072263
6863670234700680461
6864306556071087367
6864452334915816704
6864830194549591300
6865153689397497101
6865234646532132096
6865979338509126912
6866197280584699136
6866321876864552203
6866360146147265800
6866360691012472067
6866641073729588494
6866755739868843276
6867356883720736011
6867361315111980291
6867415299667315980
6867451579465764108
6867810873981897992
6867859275339861248
6868092030178839815
6868242677725400320
6869892868224322830
6869932962536819983
6870133525300006147
6870291697490840840
6871052742379523341
6871418953919515911
6871564257146785024
6871882437987716355
6872158398226418958
6872205855849221389
6872218356959677704
6872225881922800903
6872241276243250444
6872270966106459407
6872297877264207117
6872315365985176847
6872543801748016397
6872644808154844424
6872882461475376392
6872907441135275278
6872926439709134083
6873498386075503887
6873624092294073608
6873624365544574216
6873624849114287368
6873740731245219076
6874376605016280328
6874895234182941959
6875320285118156044
6875518042453953804
6875518254727580935
6875521596296137991
6875710565008821504
6875802829269880077
6875943585640975629
6876220191492148487
6876257542276730120
6876307200378146059
6877328562022583559
6877333959764757768
6877516937170144520
6877678568873168135
6877782422897822990
6877826756015852807
6877905833980726542
6879648527568375051
6879657338479922447
6879725157846387975
6879925463733652751
6880825119963434247
6880907739334315275
6881087516192050440
6881232398978223373
6881900497465380104
6882327798631943435
6882572192501026048
6882908970764242187
6882945901367676168
6882958721719323916
6882982172739783939
6882995145646673166
6883028290722876679
6883093359997635854
6883109921852804366
6883768866443414795
6883831030139194637
6883851924790136064
6884213334812527872
6884414855001001231
6884560770525400332
6884573066844835086
6884872001551404303
6884893912100556045
6884896887976021256
6885306773683653899
6885912598605237507
6885972986743033095
6886296759493020941
6886309004423810307
6886310115218132224
6886317851376913668
6886334348988124430
6886430430208298255
6886683690433383692
6886690524598635784
6887458098420731148
6887468950859435268
6888185150035758348
6888255713102105859
6888259844172778760
6888268465443065103
6888295653252828424
6888541926488804621
6888561950561684747
6888873897144454403
6889038655147543822
6889290848429722880
6889304880939306253
6889365879549676813
6889688683054632192
6889960078342982912
6890005271863627011
6890075704415767819
6890096787571445003
6890102205412543751
6890103435056647424
6890346401767623944
6890400107934600448
6890401070326041867
6890557139635473668
6890730826267413773
6891252687153663246
6891294237036416263
6891542492282359051
6891596634208210187
6892230838822440195
6893269628953382144
6893389748480625934
6893817237463977223
6894080336926346510
6894123336046005507
6894435692538088707
6894498895607450894
6894612649531723022
6894776905745042703
6895645115327548683
6895999377542745351
6896079262370057479
6896293361062251780
6896373201203514632
6896454994564828428
6896489623871032590
6896644027702152455
6896777878248131855
6896844454724930831
6896848817627450637
6897034063606058253
6897483952299314443
6898304240838561035
6898648376951311629
6899240792330718477
6900018298834930957
6900073008388459784
6900287208352189709
6900421259419487495
6900901879304211723
6901142136364862731
6901544459809459463
6901555943423692036
6901945767066455304
6901991916812979456
6902244200536984835
6902244853975928068
6902249775282834695
6902612730855869703
6903350416000503047
6903391663654259975
6903409421183995149
6903417736039271688
6903438963965529347
6904190453969620232
6904831360410602759
6904946721210617092
6905321879456861454
6905496338289511688
6905628008716029197
6905905064129416459
6905941408226528527
6906310378238561549
6906526529145081103
6906797838299090184
6907161181887220996
6907416097469910276
6907446228024380680
6907898669622660365
6907975848503135488
6908100104171883791
6908203826021534991
6908248927825382664
6908520057878498572
6908524417744194824
6908546184256834823
6908996925001862407
6909380431892794631
6909484183282781444
6910034292022217996
6910071453115337997
6910238257267641613
6910848869672832263
6911597286476811534
6911885762459962639
6911886311465045259
6911946224694250766
6911949842147233032
6911959319927852295
6912372801232047372
6912653109466647821
6913508533107543309
6913856829122465039
6914868017910320384
6915282201991007488
6915359540363939080
6915542827426467086
6915942286828342543
6915977232523545860
6916026292047514887
6916123476306742531
6917146786058554636
6917513241031642380
6917513401027677440
6917514786771160333
6917517499756023052
6917518319717338375
6917519769889541391
6917521385057160455
6917530149990698240
6917532912292252943
6917534938292079879
6919101461557202188
6919111578998639876
6919727281380363527
6919800791696002319
6920392203827268864
6920507291275971844
6920826150474222856
6921274634578988292
6921517457811344647
6921575944729693447
6921590353304833293
6921652894693428480
6921877001590689038
6921906621920627976
6922285670010473740
6922317442479869199
6922710442745941262
6922751573672119566
6922772290446937352
6922820326267178252
6922861288834075908
6923076210650139912
6923111319516269837
6923392226127121672
6923761208126377216
6923944604484013319
6924115033282596111
6924276158305438983
6924308985721982221
6924506575486930176
6924525157621026055
6924597177310350592
6924686470749965583
6924875295799430415
6924929045708705037
6924939109215653123
6924956003725364487
6925030631521013004
6925218688496962830
6925313216381734157
6925366755388886286
6925389180478442756
6925406534285495565
6925552908167630083
6925587022056836366
6925630911501307147
6925768487881297165
6925771486640819469
6926555529158364423
6927088372099927303
6927186101178502408
6927492596331728135
6928395135147314439
6929447653319216398
6929818142382247179
6930058090414951684
6930202412284153102
6930430779285654784
6930455911005834508
6932785250984660232
6932788605169487119
6932790651176242447
6932791427265072397
6932793941297270024
6933020013653691656
6933097002435726605
6933945482934832398
6933984545607863556
6934517181774302464
6935428450366803230
6935640384068439332
6935740364347149583
6937064570032819487
6937114875189595423
6937568290604682499
6939705680093826340
6939804053744536839
6940404918889106722
6940414747292486949
6942027436464852254
6942046714337578253
6942050121597078788
6942111753811627264
6942444605975661858
6942767871684578591
6943058156968742174
6943114614414609667
6943212523181116713
6943403246866238724
6943606158175292679
6944180901626563847
6944183348491308318
6944252027438468365
6944537695473519883
6944563014737644813
6945220453338320142
6945348680832552233
6945371204471573763
6946100869813357865
6946368506640223519
6946559118064848162
6946922230706097408
6947165100222565663
6947274925078039811
6947275565011438878
6947308827322731779
6947318617755127078
6947553212157152542
6947639066594790695
6948423138476625182
6948604237312052517
6948604620235148585
6948678821382081799
6948746414448987404
6948988362430680351
6949076459247963423
6949094701811174692
6950140420286385412
6950171571306695976
6950543663424359693
6951671537141435679
6951679957756087565
6951694957057002760
6951984332437245215
6951986198319516939
6951990295361817860
6951992689579576613
6952011958073838856
6952024742920604958
6952058686420356366
6952063448582737165
6952844502319025416
6953180044663606564
6953206357570915599
6953603582159506728
6954728923670318373
6955298325201489166
6955367636876152077
6955760886380367141
6955779828280806664
6956048707829746974
6956472320345066785
6956513104595307776
6956861520747760933
6956873877754481957
6957332862806871333
6958356118821244190
6958423364281175331
6958568570905201920
6958612363197041931
6958632363018554656
6958700705565658405
6958748319191452964
6958774352036891917
6958984117077773601
6959108100074900769
6959153860627811597
6959868141245582622
6959882766800407843
6960500262389697806
6960564672554667267
6960565268309445895
6960566438436326693
6960636617618967840
6960880794919341352
6960982614324874496
6961171972868902148
6961335020694867240
6961414337353354531
6961542946059488542
6961619376055291168
6961635135196351781
6961671164758445324
6962419458421886248
6962470014104423712
6962513395006393637
6962719307059006757
6962773069005950244
6963127737955470633
6963233504134024487
6963475755355393315
6963661561554586895
6963840071669763342
6963995027122949383
6964273350474550565
6964305242070469922
6964695121380035871
6965376782115572999
6965408559379074340
6965421764612558091
6965453905228483874
6965764136655539493
6965921131731651851
6965930944154897672
6965939647004298499
6965944220968357134
6965945917509733635
6965949219823734052
6965949499055344927
6966460383699782953
6966482095812218144
6966539647115709708
6966646454219787560
6966865626539379979
6966971745383320847
6967304512025529639
6967733989947837730
6968612703178853646
6968635495198788864
6968671834694782219
6968702523637108004
6968703581247524109
6968705181332557088
6968710894654197029
6968712359783288103
6968732100300180744
6968739328969264423
6968800423142624520
6968999140315450638
6969037949920906509
6969073275540491535
6969087488023448871
6969091056004599055
6969101155754364160
6969110448809544994
6969113905746496806
6969122838540225792
6969132100066839840
6969134658978106632
6969146657258736934
6969435715524414756
6969441526204108062
6969600590737378599
6969713655126510879
6970141632582782208
6970158017438387464
6970194168421403912
6970695764582370571
6970861964713004291
6971045158452235535
6971261971538742542
6971562441322827021
6972388423386582312
6972402411998678308
6972433581129927976
6972447113024146703
6972494564657548583
6972518820296658210
6972788461677972750
6972797607403932966
6972822369048071457
6973093033269087495
6973100059894254859
6973111647816731935
6973131309623332131
6973131558630821128
6973131802902891810
6973132866595130663
6973133690469633314
6973134961222143266
6973517103378861315
6973583949612256526
6973621961121484068
6974190748006681894
6975145016507387177
6976057009275784460
6976190785423199518
6976452250612944139
6976521836163058982
6976553646884490527
6976556097561824525
6977581008392555784
6977896947092819208
6977934327946464548
6978378060353539341
6978447063453273352
6978451541418069281
6978466384560803103
6978679609512529159
6978809243185073423
6979087409996664071
6979490643181620516
6980156179301387533
6980603426870742279
6981097615320468743
6981376202854370600
6982133029397482789
6983145466733120775
6983295000121511208
6983341699493874983
6984060939821714691
6984169828995042574
6984321731674541319
6984397462026997026
6984415781287169291
6984420646168169736
6984709257069399309
6984729526995586345
6984730768262188301
6984774738744790285
6984780877502942499
6985123823758675230
6985416918224129284
6986508597135969576
6986540295076859144
6986561598680878372
6986831637665402148
6987545166991084813
6987554046303407391
6987692817392979233
6987756426290531624
6987926512364277007
6987961460941016334
6987965120089525516
6987976900471770399
6988028759072967940
6988040278133296419
6988058857863941383
6988105022747807011
6988160063231888675
6988303473049734437
6988313422119177506
6988319574223555847
6988332678042995976
6988342947431353604
6988345870337051934
6988347102770335012
6988347682641202465
6988350632432356616
6988355207474187528
6988355283214929155
6988362750644784423
6988364635367886087
6988376220043955494
6988398931788975391
6988398982594596103
6988417863581256990
6988436971450371342
6988446831701282080
6988470819655666956
6988475024562720033
6988500375594749214
6988524874654289184
6988569067028303141
6988682262237793550
6988717281333251335
6988731395401059591
6988778497846152488
6988795106719468808
6988806768662957312
6988823542125137192
6989014784683429124
6989050946466630920
6989054254346456327
6989056563323358501
6989068562510007590
6989072004984999199
6989073697432816933
6989144378392497415
6989209196025728259
6989233489522527503
6989245926250532137
6989433418803186975
6989445925752163591
6989452227056258318
6989478568946388260
6989484416708005152
6989551730866359564
6989553415466634509
6989576732403698985
6989623502961757473
6989830805723811076
6989865099649355048
6989987731669617957
6990227614799514891
6990231897909562635
6990235515492502787
6990245576285768997
6990259339986603276
6990259916208393486
6990277333823343879
6990288935809273120
6990396523871767844
6990508795952713000
6990642579951947038
6991053959905479948
6991063619983166733
6991221279806229797
6991271392138317059
6991423203205713160
6991483878930124044
6991491832731471143
6991492579351203103
6991496387909209357
6991510973530033441
6991520662259125518
6991877895970884896
6992030934585347336
6992068947063459085
6992104868131458337
6992111449275501838
6992127030460501255
6992154335161486600
6992188699207339305
6992380774750244126
6992396704175639849
6992530636137352481
6992805039286930729
6992864494305217792
6992868961725599008
6993172696712482062
6993667558448696589
6993691653328489739
6993897539623800100
6994408225005145378
6994584141287165219
6994715205578149152
6994985239529426206
6994992929060277507
6995034911715495181
6995042411118333215
6995176277158169870
6995183568620195103
6995453847942499615
6995458080293031198
6995471139426274571
6995926599174507783
6996149984123014411
6996165317244341541
6996208267248536865
6996260709923425574
6996465978309643527
6996888663145696516
6996960184220339496
6996961870460505352
6996975047013354793
6997215310415662375
6997617707092856064
6998054384126954752
6998348900516039971
6998389046774959397
6998406307627699467
6998441704458161444
6998450830852541708
6998453571247164685
6998461234035150117
6998537799976619295
6998644293661429003
6998682545118367013
6998697010668784910
6998757889745718536
6998826355425086756
6998866339808955659
6998925550685261067
6999202660243033351
6999597490399907109
6999617935186627847
6999618607625866533
6999789925893737735
6999917049434737924
7000234313220476167
7000288201763982623
7000396692839271694
7000551278275300608
7000613000121945351
7000724523041541414
7000946768321989901
7000998985607531780
7001004084434078976
7001135709012741410
7001292102290132262
7001496580188572961
7001781542766775583
7001793175912205608
7002013336548297992
7002137220622699812
7002406832895577383
7002483964787035422
7002498473455045902
7002772527424589092
7002790840036822286
7002792013359811870
7003220612894199078
7003565889027067175
7003606994833771806
7003640350795435298
7003652634578046222
7003774950452497703
7003880241902947615
7004128355888958753
7004304973991365919
7004324389533633830
7004371861605764365
7004401905539566885
7004593652139855143
7004610133938425129
7004708327485754660
7004711785823472936
7005031876503014692
7005070507431169288
7005117123030797600
7005217766269619469
7005542053106961677
7005708253988506894
7005715166004268323
7006471084102978851
7006505596249738530
7006550296226712862
7006966963960286477
7007025077606714635
7007029125328178468
7007256255601331471
7007322146288504096
7007543428665838852
7007553697945324803
7007696528345173252
7008191125190151439
7008243555298774285
7008360046098746664
7008444285003648291
7008444769395281165
7008543910867848479
7008759062632434944
7008814496965741828
7008814789472374054
7008815008708611360
7008828598815591713
7008903037779479849
7009103145875819817
7009133406340631842
7009449459268537637
7009610933437746468
7009810928149548318
7009838697545813260
7010563690705538335
7010619156492061965
7010731047281331489
7011798479798324520
7012049416127270184
7012365954877295885
7012550052149349671
7012774343679724841
7012816937730313502
7012823302880185607
7012836080856681736
7012839691653369118
7012901246478667011
7012977027187821838
7013170559047568673
7013226060045110558
7013334169975606561
7013491373680758050
7013493792384797982
7013533576759086366
7013535575290481950
7013557383226051872
7013592085433535785
7013637183722507533
7013640580437658919
7013641819443563810
7013643268407741709
7013648410569936166
7013654980955557150
7013655059615583492
7013676560733556004
7014037343271177485
7014124247391931688
7014771785946172676
7014880697168973094
7015088065521683744
7015088330807217416
7015096155822394631
7015120049664970023
7015126847277124878
7015141085047491852
7015162143196613920
7015175549756673293
7015179078063918339
7015397821289352455
7015413269745700134
7015912615247383815
7015944426862152963
7016158173178481928
7016269741698354467
7016295347622366504
7016653111951478027
7016712547759967523
7016857783479979301
7017259392332549390
7017326145901169956
7017344287406886181
7017364334938443039
7017376717115264286
7017414510847724836
7017433906135698724
7017441093457399077
7017441632828067109
7017442227408473385
7017526065920789800
7017589177361435936
7017695556092890376
7017716576472321315
7017724427525688576
7017739552920014116
7017791130548833536
7017986654732340521
7018009000729988352
7018071054258031876
7018071222957182245
7018074404609330472
7018087007637359876
7018090584246160647
7018140769592675620
7018167400063372581
7018173859207728418
7018344678059724047
7018354482329177359
7019104516016590080
7019176421272718604
7019257441250544904
7019485257175043335
7019606833019047180
7019625163473865996
7019796409754881316
7019839633865428262
7019851942029561091
7020227558654479650
7020242118274764046
7020263243776019748
7020326987369696526
7020425430473706765
7020439365021224195
7020553684987809032
7020635036290501921
7020638542674087206
7020684985111809310
7021056131950857480
7021067470937001254
7021093041859579150
7021151306094038307
7021159338882370855
7021306852726050052
7021333575794560288
7021383978431106311
7021409894137859365
7021440042019179791
7021444066311179560
7021764129945898271
7022235670324251941
7022645150371433732
7022913322009890051
7022992369045851404
7023011062509260071
7023059343138442511
7023193130031713575
7023244925978397983
7023245555539184931
7023258320903441699
7023492285463612708
7023555587845672204
7023626433339641092
7023692039996919080
7024047971012480293
7024261770944531751
7024680548287139110
7024722988222123302
7024763407547125006
7024788820474318094
7024876615393938724
7025142316490919204
7025145570293566731
7025218023657114910
7025573055808294159
7025586251960945958
7026283453658287400
7026286039853550882
7026682604434902276
7027022221763824926
7027494216439811364
7027611337324858659
7027674089112341795
7027839508112477473
7027840457686224167
7027841726249209124
7027842098246339843
7027846689465568520
7027850535449464076
7027860249763646750
7027862919559925030
7027863154243669281
7027865298359307553
7027865369087872264
7027865610503605508
7027867462083398945
7027874561815252232
7027875719078366476
7027877118893640968
7027879223423503629
7027885300571573518
7027891782197251361
7027894775168634148
7027898091239968031
7027902690940177675
7027920751856553219
7027922688245075207
7027945823648435488
7027992116609453350
7028133155794111757
7028138502562860301
7028190137171430692
7028453876248399135
7028529035609148676
7028536210775723272
7028615037652618500
7028900912034893086
7029201231767784711
7029209861531520294
7029229563137821989
7029482339818392863
7029504216238427431
7029510412718624040
7029522681917689091
7029566764732222750
7029585948459420964
7029591662020070691
7029602985692941572
7029617693196160290
7029845929318436132
7029948498762157342
7029969757415673119
7030004578389183784
7030342786935246084
7030354324840566029
7030430491962527014
7030579781770988808
7030642279803079973
7030659592841334053
7030728031652138273
7030958335998315790
7031042923403726118
7031092145968729378
7031123988202016039
7031153752790830374
7031444334620757255
7031561017180065063
7031744433435479310
7031865728416468236
7031891728529394982
7031939937406553381
7032213017500732680
7032253745689857317
7032287848623639840
7032614704946138404
7032866394190417155
7033335315314101517
7033359367730777348
7033568781016239400
7033613488576679168
7033669372057111815
7033779180982603049
7033979808505777411
7034062611872238856
7034350483309399309
7034461852092353807
7034473142282095904
7034494607262059776
7034629754259098916
7034682911441915136
7034683697068592424
7034867342387596559
7035041510471093508
7035112768273517828
7035206290636836096
7035424396676320515
7035537991837699368
7035566006554643751
7035978396383431976
7036877571987934479
7036923326471671053
7037037902475300128
7037346913875709197
7037347520925715720
7037462720379211011
7037499302746393893
7037659286041906439
7037720351664590120
7037740090369625379
7037803401752677662
7038198919838387493
7038252244478840095
7038747888897264935
7038808265320418563
7038847899148504361
7038958429158870280
7039513583717272863
7039894871749987621
7039904064364088608
7039973983286054179
7040050087627607304
7040430360127130892
7040459322459032873
7040481564500774178
7040585061250469158
7040993287494307086
7041471601153559815
7041770702990626055
7041921581278416158
7041933462365883683
7042127707425099016
7042137290080062724
7042245916841053473
7042467822664043783
7042498832483028257
7042505949998828815
7042654809836621071
7042840706381106439
7042845353191755020
7042975772717436167
7043265905731620103
7043312251079576864
7043412541501984038
7043426723593014562
7043587064008281358
7043720289464749325
7043746381047008545
7043791676510440745
7043952122508872994
7044335645887712548
7044483368649493797
7044536903693110536
7044544101886332167
7044719543280848141
7044720935663914274
7044789589755612427
7044795417824922891
7044814190552321287
7044821798168399141
7044849883752320270
7044899170313850153
7045091116760239360
7045236629421690153
7045264001541917966
7045640507996916992
7045925414622989605
7045955588488006944
7046313095060311333
7046643645541403941
7046936640991792418
7046943614638787872
7046999925455916318
7047031603356388621
7047060920429792524
7047470404633480462
7047561614614187264
7047811261353987369
7047824234395045156
7048197292616174862
7048432073551383846
7048461958416305448
7048940393475460387
7048950287305952544
7048969477999840516
7049184364088823053
7049357768301546755
7049920788383698215
7049986028387568935
7050033675534208256
7050044992445893918
7050313098820947207
7050407300435053832
7050479213098388777
7050760867020934414
7050839413848296739
7051110607449263398
7051566224471280904
7051775977361296655
7051811666438196521
7051877619251318023
7051927357380168960
7052273452274830599
7052522725612489992
7052861203307056414
7053012112385363215
7053069428979764487
7053088371425529092
7053134515258068257
7053369565618670856
7053378834468474149
7053548393922071823
7053608466006510880
7053609099254041895
7053628147362942223
7053657591594962210
7054005875446500612
7054011574050147598
7054330907901136166
7054455374837075204
7054459665228303657
7054496591473855747
7055213699849538831
7055265850936397071
7055540654083935523
7055611209025850662
7055906127388658974
7055924468711050503
7056176038535056651
7056313944817945856
7056367962126634253
7056381386420145444
7056399445985987871
7056404286284090662
7056682221725388064
7056718049017204004
7056726761974926628
7056960971734109476
7057098924561108262
7057110614602288425
7057257608880655650
7057450949576609031
7058189158447140103
7060192184368221454
7060231048436665640
