3x25ybraqeighzm
3x27f5qs8sye8jy
3x29qa3tdevpjby
3x2cmdj3f78srsm
3x2hqy3c9hdfr46
3x2ijm5pkxhhv2i
3x2qdx6vwrnaeqy
3x2t7ggzjjt2rxy
3x2td3pk9g35gq2
3x2vrs88h8z6szq
3x2xkqtcffyy486
3x32xpnzvy8zprk
3x34p5rv5rty2kq
3x3683vyxjb8jte
3x36yd4pq593xgq
3x37hj7i43bnwxa
3x3b5qt4kh322tu
3x3bemanmjsg9j9
3x3e23czmz7bhxa
3x3j8ngqac98k5i
3x3n7i5r7mx3zqc
3x3nakwg44m3c8q
3x3p585pre2uq8c
3x3q3hahn6m93cw
3x3r8a3maezknyw
3x3rg3rthx6yk8e
3x3tsjvcbd8wzpi
3x3ybfqfsw8k3kw
3x432tjvxinwezy
3x44qdubkgakpya
3x45r2zhabatrie
3x47b3x2jxzeu9s
3x497g6axqey4i2
3x4f6tcsx5eg5me
3x4fprj2y3wkpqq
3x4h25rqxf99t7i
3x4p7wvtv2pd9bg
3x4tpy4899xiyie
3x4vjn57kdewfhw
3x4xui9wvr769g6
3x52i9jh8en2xa4
3x565u5rqzmdk2k
3x5828usxrrqke4
3x58gquvkdiqvmq
3x5aickpnrpqhds
3x5bsx7my8yx29u
3x5e3gp2d87wyqa
3x5ibdcizvyit4a
3x5p3pvd8pdky6c
3x5qyy5ckq7swuw
3x5sidac4zdeb99
3x5ukaaarhwb6mk
3x5yiw5hwys89cm
3x62d3gz53276vs
3x65sbt4v37rncy
3x67f6wjets7kmy
3x67v5cyrwg7ifq
3x68zxc3ic2uk7c
3x6d7bq2f8dc95u
3x6g8rysfypvsc6
3x6grrjdmfjcvgs
3x6rd6qtetk9b5m
3x6rptbr78izvt6
3x6rt3xnesb4qpe
3x6wgga2ph3jxza
3x6x7szqy97ixya
3x6y3jhyehykdz6
3x6zszjue2kspb9
3x7269wyyimyzm4
3x76a99a5e67jre
3x7a7juzrk3g8ak
3x7e8w4ccghcery
3x7f6bxg4j46cdk
3x7i6xjvpbrjfzk
3x7mm4prebqqqym
3x7rav9yzk3whvw
3x7tg8ssm7zb8g9
3x7wujde7b33mug
3x7xvgsxawknjwi
3x7y3ftb2pw3hk4
3x7yb5v5zsr9iwi
3x7zfafv64yz3hs
3x83aw2k6kj6ce4
3x83zw7z59qpfx9
3x84funch5xarre
3x857esmry8jwjm
3x8dp7zscxri5d4
3x8ft3yny3j9nqs
3x8hupc4mjyjx7e
3x8itqvvdgrs4nw
3x8nm8963gqmez2
3x8prc8e4yqbu3i
3x8qz5767vxkabm
3x8stnuh4w4z7n2
3x8te6xa787myhq
3x8tfm78zjzuk2i
3x8trva9ykrpdr2
3x8vm4hb5ba66bw
3x8w26udth22cu2
3x8y3r78ih2pcea
3x8yvwgeta3enn9
3x94cf2iqnb2y69
3x9d6k674j8newk
3x9dv6iyh9vqsny
3x9gi9csrtcsg52
3x9hjpwvpvwhnvq
3x9jq8jyb5jby82
3x9jss8pgj56ipm
3x9nwnj84m3cq32
3x9qj3njeezgam9
3x9zd4pmyee5r66
3x9znjfdy6mni56
3xa3247p7my2z96
3xa4fsmda94hgr9
3xa9xu44eur6dy6
3xac2wqftvihbu2
3xadc32fxiy998g
3xadd8whdwr4awa
3xaghn65czmtaya
3xajber3dnycv4i
3xajn7s22e3bccs
3xajrrry5huesxg
3xak4byq8e4ke42
3xaku2fi86cp8ey
3xakxrebxzvt9ym
3xann9z9p6a9cnk
3xazmuvizcaakxm
3xazqphaqedebx9
3xb22nscgvnff3w
3xb6iv9nfiwviai
3xb6yajw26xiumw
3xbdwzq229m2ifi
3xbfakcavgfknsi
3xbiwhc4gr6aarm
3xbp92npgu2ppeu
3xbvqhdas3sb89s
3xbzd2raj97hbni
3xc4ddad3iqv8d4
3xc5gnc47aqijk4
3xc6kryz6f7669c
3xc8f9m2xq24d82
3xc8mjfrqhruxq9
3xcbamtjy9g79fc
3xcfp4jvic85w8g
3xcg33em65pw9fi
3xcgbi9d2d8rmmc
3xcgikuji7xnvy9
3xcieg4sgab3wse
3xcjwkhg9a9yz4m
3xcskteswkckwn2
3xcub57ub6j9jus
3xcv2rrgq6hxs6q
3xcvxd8bvp5xys2
3xcwdz3x45utvmw
3xcz7in4que5si4
3xd2phenmd6jbmc
3xd2pmsy6jz5t64
3xd44tsqxrjfbaa
3xd4q8scnjx7m8s
3xd5tzsfz34vufs
3xd8gse9sunm5rq
3xd8unj8q8q95t2
3xdbu5uxz57diks
3xdctnctbnzxt6y
3xdcxpqfwesxke4
3xdhivth2efuws9
3xdipwd5nde7586
3xditxafxkx2p52
3xdjh38f4v2bkig
3xdn98c7ghbj74c
3xdq4zhsege5nsi
3xducwys6mt3c4y
3xduvt257dpjr52
3xe35cdfnkit36c
3xe5ep2me9fcac4
3xe6si4ifnmtt46
3xeaxug5we475m9
3xehdxv4px2its2
3xehe4cbsrr53vi
3xei8hkqz7i5kxi
3xeku62m6ws5f92
3xekv75eurqih29
3xesx39h9s7x9bw
3xetaq3xubvsd46
3xexs4d8xaxzsxk
3xezr4htuqxmh9c
3xf254cgufipfa2
3xf6gzk8mebxyjm
3xf849a5v87bxnw
3xf9bm4943xu8z2
3xfbehbhbfjfi89
3xfd7k6bvnhhebw
3xfdbetmka48eiq
3xffw33yzwyxn66
3xfj824arvdbxn6
3xfqd2936x56sa6
3xfrr3t4zkmc5xq
3xfugyiwur4urtm
3xfujiz7e7k5ute
3xfves7h27ekhb2
3xfwr2gzemrgaxc
3xfyscnma4nsmyc
3xg6j28gs333sqg
3xg6jpkp9afa9z4
3xg97d5m8rgd4eq
3xgestwir9fq7hm
3xgfgk5d4pn3j8k
3xgh9hbqa2kcu7e
3xgi3ftmi83ke2w
3xgjcuv8463gbhs
3xgskjc8s4dj8mi
3xgxxwg4bs8hhiq
3xh38ex6a5q7fp4
3xh3bvqxk5dzyag
3xh3mxrd7pj6sbm
3xh3yqpexshcm3y
3xhbvhpsbih94ia
3xhcekjaafetqdu
3xhdghhypy3s9ma
3xhfcbjf9z2m6hm
3xhg6rkhqhrzd2c
3xhhpqq7hw82wqy
3xhmq99savp4sxy
3xhqddfy9c767cc
3xhtptauynmdupm
3xhucc7we6iihi9
3xhx79jtrqtidx2
3xhzc4225xj2jp4
3xi25a5xuir6966
3xi6ijtrvqft7a6
3xiaejix36a5zjk
3xigwzke8wpfjfq
3xiibwtmpm2ddc6
3xiickbjafrcsjm
3xikv9ux8yi4cq6
3xinbffb49q4fmu
3xingjgp2cywnj2
3xinxitcp8tr4qi
3xiqrgxk4y4ytpu
3xirssh3uruebri
3xizkej8sh2m5ue
3xj4meizhnndq7w
3xj5igrhtitfruq
3xj7w4vyyuumr3e
3xj847b9ksyfiu2
3xjbrxwwnt7eiek
3xjf9fdcc9f468u
3xjm82mkej2cppc
3xjmbb3zj82t4uc
3xjp7rzxfjd5wes
3xjsgikfd6fxf4m
3xjtcqeba4gb9wa
3xk5vd4vjixbunm
3xkawfceecgxpgs
3xkaxd72w6rqct9
3xkc68r7sikqn6w
3xkca7qz2wrpzq2
3xkgamjcnac2m49
3xkkg5828b66b6s
3xknypu3m4w37g2
3xkpprkxwqkt6ys
3xkqq4gqv2jwebm
3xkqrvwam36uwke
3xkr5cb62vrqgzg
3xkrcqew9ehghjq
3xksn2sa94by5ge
3xkw4nmdf2aqaai
3xkxw4ypb3z9dua
3xkyfsn2nqffs5u
3xm3faiugmt6vv4
3xm6cfgdi87tije
3xm96t56etnsz7w
3xmefydzub9tuj6
3xmfdvafpnuxhe6
3xmnhs7jun9jukk
3xmp52g4njfq6xi
3xmquur95nbnq6e
3xmxwuq867w95e6
3xmydr5rp66gfpm
3xmyvj4mppnu28e
3xn46ahfmzxpkgw
3xn5r5hunm3npwq
3xne9ingv2w954k
3xngtmpr3darssi
3xnju8srvdbjgwa
3xnk6im4tswztt4
3xnq42svbhe8sg4
3xnv3vyayyczw6a
3xnytmuxj3q5yeu
3xp73wtgpv85ipe
3xp8rwyviepz87q
3xpagups3fpvmk9
3xpdjq32v5rzp82
3xpe7ec2c8vxbqc
3xpfzzsb67hvhiy
3xpgttbxgecyw8c
3xphf5chuf8swak
3xpjkw34pxm5exi
3xppqx27b2354pm
3xpvhih995xmmk9
3xpwbyigtq8bxhq
3xpy6jveyc3ddqq
3xq2sckicwhcfjw
3xq2wxtxsj9jut6
3xqbbtffv6kfquq
3xqd4wg3dspf9ra
3xqeqr9w3n4c7hk
3xqf9t4tsqbgw5w
3xqg8tenvphfzbs
3xqgjjvh67txs3w
3xqi5sx7y8gmj9c
3xqpk3jkqg8qa4y
3xqrdtygummwmr2
3xqwycwmnu69dki
3xqxuepyavp3bu2
3xr3a8wyr7m4b5w
3xr3j2kpcvniegq
3xr3kfv5dcbqine
3xr9mwqg8dnh9q6
3xrdmz9jp5euq5a
3xreagrs6ze2t62
3xrhmg72wuz4wb6
3xritiscbi6w5jm
3xrk8cxhhqwimqu
3xrpffa9z5d66uq
3xrq9wuzmb2n2wg
3xrrf488kbvfniw
3xrrsjf2rsksk92
3xrrssc3euy6gvy
3xrt92ujdh8b9ti
3xrw9j53ib359fc
3xry52emffxvgeq
3xrz7pxek48nqnm
3xs2zix577c8dt4
3xs4zww7ccki8y2
3xs59mg4ju9adx6
3xs5e3i3a7xygmm
3xs5yyui9eixsis
3xs9psqgu52qt2w
3xs9rjfy95uj4ea
3xsbaf8588raa5w
3xsefhr4knp7zvm
3xsejbt27c6r6i4
3xsepbi8enkwmxi
3xsgu5dt55qcfhc
3xshwgib3i6dk7k
3xsjsfimkn7f4pu
3xsm3xg5m6b58c6
3xsqpb557r6bjjg
3xsqqbaw8hmytju
3xsr58cwtw5uyjy
3xsrpx7h4g5d9tm
3xsszurwtabibs4
3xstdsmuasvpwy9
3xsvtp3d7txyd5g
3xt37ijwcw6bmda
3xt56hysgxmysde
3xt6ngf7ijprstq
3xt6xxcdu46renc
3xt9ixupdzyujqq
3xtavn2cwiez7fu
3xtcj6m7jy4dec4
3xtcrmctskmcn9e
3xte5yssxwrciwm
3xtf6mqjhubyp6q
3xtgnmm6ti7dax2
3xthxhuyacfred2
3xtj2c37w9gbkyg
3xtj5q9jpwnmgqe
3xtkh89n2uagude
3xtnkcm8527zeh4
3xtrcijpu64y6xc
3xtrrhe37egsz7s
3xtrxrpz8cvkpt2
3xttzee8t79whbi
3xtwsf2e372g64i
3xtxwuvhuxfwda2
3xtzz8mxtfz4wc4
3xu8n8jmv53tx34
3xu97ycpgwz45vq
3xu9ax8fa8w39iw
3xubjmdsfgj26m4
3xubrwrx6ik7eyk
3xubv38juwkvaqq
3xucctxw92h6iy4
3xue2zmk8tyzvc6
3xue5nc32hm4ahw
3xujjxnpnu95mkg
3xujti347fvjy3s
3xutd6mridvz6rq
3xuuuke5drurc6y
3xuwiu26x2fzciy
3xuy84jd2yeie79
3xvaagirk8be4b9
3xvdy99nxdp8agm
3xvg252p7mhzxnc
3xvg6dikbufifg2
3xvivcpu8atrg3i
3xviwmw4hienh2g
3xvme6jhzggeckc
3xvmetj7ig58y82
3xvmqpw3a3acghw
3xvqmw48imxhge4
3xvs9yq5ssbq394
3xvuu6r9eersygk
3xvxpdrnhbrfsm6
3xw59ifzkrgxeg4
3xw9ky58nx44ifq
3xwbjveiw8ap69s
3xwcs3a222actke
3xwgej7egf9857u
3xwktrfqyu6az4a
3xwmdn8rh7zym59
3xwpzj888xnjjaw
3xwr99t37ja3jku
3xwrd6cqkgyqgt9
3xx3izpfnseke8i
3xxe2t6fsuzkm3g
3xxgdfjxqf42ui9
3xxhymwfjqiwaqk
3xxpn236a2yfygq
3xxqh9g2mqd5z6w
3xxs7ag6q2r79qu
3xxsa325kecmpek
3xxtwntdnjjduwi
3xy4vn77pthun2s
3xy6xs5kz4asrd9
3xy7jd3smwfm7tw
3xy8gtn8hs9pa2w
3xycywheebhjz2a
3xyee2uc9irhyw9
3xyekg2aa2sfxq4
3xyercd6wh8acve
3xym6d6rhbwfvwi
3xynvbi7mwja7zu
3xypsrhjjk8ygi9
3xyq4zsnhyksrcg
3xyrp5kjzkx6i3e
3xyrsygih6yxfhe
3xyt72fwv379p46
3xythyyv2vcw6wm
3xyu78psjmtc77k
3xyv9ycbzi426r4
3xyy2c76kfs56gu
3xyyexacpdhqbxc
3xyyxafu83i2d74
3xz4n9de78h5awk
3xz5ybjrd4we6x9
3xzfu98w5vd8rym
3xzgq2kcu4xe9ce
3xzgybrcpf8zwfm
3xzrpewykxkhw9g
3xzuwugxup38nri
3xzxrpdjujcqbxw
3xzzegwhwiw7de9
6533114736177843470
6571001202379590925
6584309915597147395
6585097411885010189
6585423557172399363
6585701737036778755
6585751304314817795
6588057622690139396
6588370236414627085
6589356071775636739
6589801198071581960
6589801702977703172
6589802305174899972
6589804927680253192
6590972352731811075
6593855966033218824
6594260302991199492
6594392272438037764
6596996733048196360
6601309012942130446
6601363612395113732
6601418130373741827
6601471942249680132
6601505419212885256
6601509368028466445
6601552344368811268
6601627338029403395
6601651424973557006
6601690518281784579
6601693670523538701
6601707759312309512
6601765814712405251
6601810803031035144
6601845922928266500
6605813001754774798
6605897306417925389
6609092980735216909
6609129207760948487
6609176747055254797
6610821466466290958
6612183406635650308
6613318089943551240
6613654207608130823
6614033953328205069
6615158947240217869
6615513758447979780
6615899462533385479
6616450884832333069
6617561143990816007
6618027963864583427
6626546582256880904
6631872122111134989
6631908657430793476
6632978467921071374
6634052840174128397
6637504149732723981
6637728366650723592
6639480431265713421
6639931517634088200
6639935519650221316
6639946938441534728
6642473378819083527
6643213295887060238
6643257618611571982
6643668413828828424
6645815668123897102
6646444149622967566
6646725072495054094
6647411044501163268
6648367305724005645
6648940727432645901
6649939133181496583
6650290016838864142
6650290449728720132
6650297598831824132
6652318431716691203
6655457533551004932
6656020525690703118
6656349042290724103
6656609197859278083
6657315189093862668
6658850835998444804
6659670456464903436
6659729914352176395
6660784036757196039
6660794545132817668
6661953058412465420
6661968458898607368
6662572764358118659
6662628773718019335
6665860072050150659
6666751540021251331
6667832599202860296
6668604896394120462
6668609331593891080
6670066165177486605
6670080902330141956
6670418901978959118
6670693135917632771
6670698133162315021
6670707542898789646
6670805620435750147
6671112046978796803
6671495133961276680
6671891732524829965
6672177708996349196
6672333608885193997
6672594809124883726
6672596808490831108
6672607427034107144
6676824324873243912
6678180553243626764
6680484308932726023
6680495441294920964
6681488793100455175
6681912078522928396
6682302034592533768
6683802242291698958
6683804664594517251
6683813797590863117
6683993408370904328
6684239798695103755
6685248402101521672
6685248974707887374
6686481160224230669
6686810669221825795
6687077401081416967
6687412730971868429
6687415218663935239
6687415441695984900
6687419353547279629
6687811321574051076
6690045890444446988
6690094171123911948
6691220078169427214
6691461631374888195
6692770651482164488
6693371163273399566
6693709051819330820
6695230573637635335
6700549546591898888
6701101433736973575
6702591963255885059
6702695933576039688
6706693656956374276
6706724761545755908
6706725685160955143
6707521283178958083
6708125601703660804
6708130500130770188
6708971806499392780
6710765185000361223
6711600610715733256
6711673130307423499
6712816336973647116
6713066052504292616
6714197602209926404
6714844810399747340
6716132354248674563
6716849310362848523
6717960933538270477
6718536657395649803
6719367286420983043
6719639684600941836
6720810902158970120
6722341983882333452
6722372266396536067
6722438557987851523
6723140781441322248
6723297674604350732
6723522583536405774
6723540942005046536
6723730118780488971
6723758691306327307
6723837649523608836
6723856443524566280
6723878732349721868
6724072932240379139
6724073013362412807
6724229983763549454
6725959074594229516
6729400686074760460
6729528749609454856
6729863166571908359
6730005569073106180
6730434516105661700
6730921689619746059
6731971438481394958
6731998623359339784
6732020059977370894
6732085366825700612
6732286238021160199
6732333962821209357
6732370114181598477
6733128487613238531
6733340523794402574
6733905101359959300
6734952578938883331
6735274778426395916
6735787083878780173
6735866308967107851
6735936408239787267
6735974091859250444
6736398192516107528
6736737150169042183
6737173013730462984
6737250162667834627
6737281726466329868
6737534985860893965
6737562768133721348
6740095929317133582
6741239300479929613
6741270032111701255
6741271306672622852
6741307029693926659
6742065740737760526
6746074256381054215
6746738577272540424
6746904276045417740
6746905110107933955
6746916482405403911
6747140566040988936
6747713690004425998
6747974213874814220
6749010896951020808
6749276397937757453
6749387130092424459
6749752784016379149
6750084855222013188
6752267747142405388
6752421543512476931
6752463521885326600
6752500200847265027
6752503898239503629
6752744386607516942
6752769472836259084
6752778390366997764
6752811707518749966
6752823620881501452
6753893273120623886
6753918581664140558
6753966052528508167
6753996415292149005
6754986372974611725
6755327541562690829
6755341958933155075
6755378886512495886
6755405727952653580
6755416306075356428
6755736301779127559
6755768839365053700
6757690178191576323
6758599323153403147
6759121139760483587
6759760505386044680
6761524739673558285
6761685888939478285
6763119711237475592
6763209184528928004
6763220699252411655
6765476032708381965
6765480777158266115
6766217741016763660
6766220299689053444
6766222242721434894
6766228423317703940
6766234763129867527
6766248464813722893
6766370765701991687
6766397552943287555
6766462015247518980
6766592408340729100
6767918377714404622
6768749535347903755
6771036010101918987
6771251306406464781
6771602582063320334
6772392788966378760
6774924661470891264
6775508012497964303
6777155234998340872
6777641222413602048
6779517808494578944
6781203276546329863
6781646180800646403
6782224171817635084
6784236847154384141
6786598297932025092
6786601102973439247
6786995810811825408
6787190557866200323
6788717427145428236
6789596785385000205
6789737243754974468
6789764070896585997
6789837915535969544
6789893745149086990
6789943769178311948
6789970177502055683
6790377354146467087
6790512189703867651
6790610269031664904
6790698483734039823
6790828160695946507
6790904987712113934
6790920932694281487
6790922195494341896
6790987860217482504
6790994130337090823
6791023538900978947
6791042788709469448
6791071587224292615
6791087880077954318
6791108774804376845
6791327276693769476
6791331018306587918
6791424540338605312
6791442371943910670
6791783098536217856
6791831278296599822
6792078822356389131
6792710074407062784
6792797475833990400
6792897401788091660
6794816030641327363
6794988930535132431
6794990416669330688
6795018932831980800
6795136003800567043
6795390464452218127
6795726406232886540
6795764790707932431
6795769343574674695
6795781027680898304
6796086977654557960
6796235429608688900
6796250238131784975
6796269202954095876
6796278439218253056
6796616456328072463
6796850990931922190
6796863411708792071
6796892888799186187
6796939583679401230
6797393343480417544
6797924760434003200
6797925040911305987
6797946717984525576
6797955890583555328
6797977154782006542
6797997723753663752
6798008311460433159
6798119823319633165
6798440875786587406
6798719685182475535
6798778448115551495
6799054384429845767
6799070294901263616
6799192188782742795
6799214625020710144
6799215193923603712
6799232523990748427
6799285650232282368
6799402620197932292
6799408811812736268
6799433567362370829
6799481768757054733
6799522394093538560
6799533163812048136
6799567742367255823
6799592807204949259
6799610832528477454
6799630077681356032
6799632132231728391
6799804611491302669
6799842434990755079
6799920478912777487
6800199936664292608
6800324239707606287
6800390134777842952
6800979777382649095
6801386212029517069
6801975907172044032
6802604813633785096
6802751301202595087
6802770862526319872
6802839353497242893
6802851077705288963
6802876759202123023
6802916932044508430
6803138853226990855
6803209256284736783
6803220050435214605
6803550951979388160
6803587758137806088
6803607344740617479
6803680340402539789
6803906422519237891
6804199355738869004
6804697484024139023
6804705458432003328
6804741575374015752
6804759703986425103
6805136344969415951
6805178488119659784
6805200989348449550
6805484074208087309
6805750422867922190
6805794994201332992
6805843004675443972
6805886136331062536
6805904789029817614
6805939478151122191
6806119699898699015
6806154638795050243
6806205657587485952
6806606169847680260
6806627068806286592
6806837820825619712
6806852595315969293
6806876094176759054
6807197079044246784
6807550037825015044
6807575619598142727
6807582684005682446
6807588716341742861
6807605833568947471
6807641854180461839
6807962256270200067
6807981206370536717
6807984321668861184
6808014560423906567
6808539046395038990
6808699529592868104
6808728377600511232
6809086139736034572
6809088973919538435
6809107490568015115
6809108235757325582
6809422948814818574
6809993376138677511
6810183442228088064
6810364597237845256
6810398774649736448
6810857820892728583
6810892086141783309
6811243864851025156
6811601588193365255
6811731857701358848
6811820983104638212
6812129190201036043
6812182561956089101
6812205450403073288
6812584743767493902
6813127019132423431
6813262520137026827
6813635878624234767
6814451941804952845
6814719292131511564
6815151234698251523
6815153433662770439
6815514117089119488
6815608457887010063
6815763546740116747
6816180936074349839
6816561551626013967
6816602226124033288
6817309213111504139
6817599587109424391
6817675724665703692
6817979355336117511
6818106186253077760
6818172291185216771
6818177047186181388
6818178781300165899
6818180586310536459
6818180833631866120
6818182445825903883
6818183900867693831
6818189045835762957
6818191541836795147
6818194765524389120
6818211739641941259
6818254662957812996
6818384473957092611
6818512388380282115
6819121035665755392
6819136014683032840
6819144347590593795
6819163384739646732
6819192874383576331
6819209408438914317
6819225937868000523
6819587416542825731
6820179715064745229
6820341703828884744
6820640530037361935
6820699058919820556
6821462506544991496
6821498975498095875
6822179237424925960
6822741118699048199
6822799485123579143
6822822191986396431
6822849359667924227
6823672276060278028
6823900927192272141
6823927741784624399
6824006803018353923
6824249309484076303
6824273888134941966
6824298917363043588
6824303959415557387
6824314763397369101
6824343107169996035
6824345287847349515
6824447680635309325
6824456540989230344
6824457136597110027
6824693917791833347
6824790268290632968
6824833850066095368
6825143527085772045
6825418062817152270
6825652924190903556
6826634159990017291
6826694516725124363
6826906406629788942
6827215508593495311
6827436705751076110
6827616334147243271
6827719074328349956
6827747092371393796
6827785033965686023
6828063511369813262
6828096382855941376
6828108856078372099
6828472686629473551
6828710235448872192
6829139570873863435
6829168861053537544
6829225780535414024
6829344934055791885
6829573964378000652
6829612419829075212
6829634216347716877
6829659638355479811
6829946831397506307
6829977515516251404
6830008628045532428
6830025257416428800
6830676220544306440
6830735992824155396
6830943686621203715
6830947702365261063
6831092597377780992
6831107091411782916
6831473572704259340
6831546631620463872
6831726615974726912
6832616226582236423
6832839786999336192
6833180805523655936
6833266792295697675
6833574345193819404
6833590376872316168
6833743607174843655
6834090217914354956
6834678309704535310
6835161375895997710
6835438074969853195
6835503656784186639
6835958738646551808
6836009676849679631
6836034235967524110
6836168603889405196
6836177348363144463
6836179631603846413
6836180902352080132
6836181677300059392
6836183067531463948
6836183231293836556
6836184471495068936
6836185378953694468
6836185591537863947
6836201017860836621
6836656871059819784
6836670907902070020
6836924424860601614
6837016406660271371
6837080981480951040
6837109740330405133
6837332562436738307
6837784250800966920
6837836003022064896
6838012336184298765
6838103289851104526
6838179907978153230
6838356560104803584
6838420817282469120
6838431310114016519
6838465131337256207
6838545142350089486
6838570621010562307
6838788578584169739
6839197629331541262
6839222788197321991
6839291158720433408
6839432188866383118
6839504528132312320
6839631607658220814
6839913812527779084
6840651629285461262
6841157087737810183
6841176893027339534
6841313813887831296
6841343937014156548
6841369965208145156
6841458671445183744
6841513596141276423
6841721529869323520
6841757602284604687
6841802131771526404
6841814713282661645
6841818957217795335
6841849812283821327
6841898406458182927
6842097049127718148
6842189070978813184
6842198568623803655
6842213274075843853
6842285820909489421
6842302496388517131
6842311648456281348
6842468747228335367
6842634497394035981
6842866874104024320
6843028258036976909
6843212356214967567
6843223547012320524
6843335747563474187
6843428070272060686
6843587287889087755
6843604905266072832
6843695846136106255
6843792717835701511
6843964897949142286
6843986345631829262
6844116748266917124
6844137104889433358
6844306836745702656
6844722773693074691
6844773921955400974
6845025280160009480
6845079496467516672
6845109782538472711
6845443361369820430
6845554752420318468
6845958218343091456
6845971406891568391
6846239194554060047
6846256034172964111
6846270288255044878
6846277571336752384
6846278828227136781
6846299323572030728
6846302822405803268
6846303393753992448
6846314399595040000
6846323530779430152
6846350151716588800
6846393271279783183
6846696067157855501
6846941022308683016
6846962776804510988
6846996541232663808
6847022560618482957
6847061751171714319
6848416927472176391
6848425894361517327
6848434489488624911
6848464753204006155
6848501754376539392
6848579855626292494
6848769788425063694
6848784835973057800
6848835923430345997
6848846476597071115
6848850561106808078
6848853805828803852
6848856703497194759
6848860607907695883
6848861749949582592
6848868667233471744
6848874136572349709
6848892717498371336
6848899375402421508
6848922685674704128
6848941907926584591
6849139091796282624
6849160135001115917
6849172354753465604
6849580996883451150
6849611318106934536
6849733324701846792
6850073170922196239
6850318649975229696
6850444269824527624
6851383928897539336
6851466996798868744
6851858679331884301
6851858895221181710
6851867018145090819
6852105097892121871
6852295865047026952
6852322189618842888
6852515832187112712
6852522086913658125
6852539740328168717
6852586988072160512
6852625488393866511
6852677764353379597
6852869196473306382
6852945157218766091
6852945783688285454
6852959254513536270
6852973825793985804
6852984894365207821
6853029182356753675
6853242304224922894
6853279754209086724
6853306188751277324
6853598175782014223
6853626230684650755
6853649144918084879
6853654661677796622
6853696307836488973
6853696390283922702
6853944547446148364
6853962519736798479
6853972709974494472
6853973226440117517
6854043084150344974
6854069496425073927
6854097139853757704
6854411205600136455
6854466699173842176
6854532920569236744
6854704649019198727
6854760502371880204
6854770358029995279
6855096922303155471
6855232520561151244
6855409013547470095
6855465207934831879
6855475582453484811
6855577899844635919
6855617331767381256
6856761078001552648
6856934489415814407
6857307515592396045
6857313418328689935
6857330618292768013
6857375682675166478
6857423306220457230
6857760867765800195
6857772551565839620
6857772616908934404
6857787505337535752
6858063433804401935
6858255021612469519
6858261421122243848
6858462238185966860
6858496463324990728
6858865626597903624
6859189072108260612
6859227229776268555
6859536716722638095
6859578472910671108
6859606107627818254
6859694525888122112
6859990030639828238
6860043902666198275
6860315708467711247
6860326519579970819
6860488338697276687
6860665652357631247
6861156588284120332
6861501869743770894
6861848484539141384
6861885697775701248
6861904335417232653
6861920937609153807
6862161911828499726
6862170451624447245
6862228172075765007
6862253405146975491
6862492808612154637
6862496739316763908
6862603682614185230
6862620046783548686
6862620542722149639
6862626165442514179
6862631381806222595
6862711949310856456
6862992444389199107
6863203977656405256
6863261542293441805
6863352314317638924
6863372774707072263
6864452334915816704
6864820920872127758
6864830194549591300
6864830459587710211
6865153689397497101
6865234646532132096
6865642115393670412
6865921098651897103
6866295416246242574
6866321876864552203
6866352267004611844
6866360146147265800
6866400849942351111
6866426039648718088
6866665922355088643
6866675644713929995
6866678444009327884
6866707115373825288
6866979815686294798
6867068647152700679
6867119524294954248
6867166970853297422
6867356883720736011
6867361315111980291
6867364396381768967
6867415299667315980
6867810873981897992
6867859275339861248
6868092030178839815
6868254006939094279
6869287253827521796
6869892868224322830
6870028793084480780
6871605448215186701
6871826519736585479
6871882437987716355
6872158398226418958
6872225881922800903
6872241276243250444
6872297877264207117
6872315365985176847
6872543801748016397
6872644808154844424
6872900172397989133
6872907441135275278
6872926439709134083
6873110086781275403
6873498386075503887
6873739404939136268
6873740731245219076
6874220865987415304
6874376605016280328
6874895234182941959
6875217471041735939
6875506196208504078
6875518042453953804
6875802829269880077
6875943585640975629
6876084422584585472
6876307200378146059
6877333959764757768
6877516937170144520
6877678568873168135
6877782422897822990
6877905833980726542
6878118954947087623
6879648527568375051
6879657338479922447
6879725157846387975
6879925463733652751
6880856650178104589
6880907739334315275
6881087516192050440
6881232398978223373
6881463059546672388
6881900497465380104
6881935035121847567
6881996672826641679
6882019900957707535
6882179308740234510
6882207314565287175
6882261368679025932
6882284651981950212
6882285474606566667
6882324874296167688
6882327798631943435
6882371254087601416
6882376493612289295
6882519280492055823
6882551291101465856
6882572192501026048
6882597499773734156
6882643461967777039
6882688817216687360
6882734940627258638
6882908970764242187
6882945901367676168
6882958721719323916
6882982172739783939
6882995145646673166
6883002263124626695
6883028290722876679
6883093359997635854
6883309663887052045
6883331385835244813
6883425147680804100
6883427969172393231
6883481842016603395
6883688654267567372
6883695293607496964
6883734332104510724
6883831030139194637
6883878275328838920
6884213334812527872
6884233572681567488
6884414855001001231
6884560770525400332
6884872001551404303
6884893912100556045
6884896887976021256
6884930389090110734
6885912598605237507
6886048565702053133
6886296759493020941
6886309004423810307
6886310115218132224
6886317851376913668
6886334348988124430
6886357948747058443
6886430430208298255
6886683690433383692
6886690524598635784
6887458098420731148
6888255713102105859
6888268465443065103
6888295653252828424
6888561950561684747
6888628485665901824
6888873897144454403
6889038655147543822
6889290848429722880
6889304880939306253
6889320431329840399
6889334569816853763
6889688683054632192
6890102205412543751
6890346401767623944
6890400107934600448
6890529616985869571
6890557139635473668
6890730826267413773
6890842868357958927
6891203642074926350
6891252687153663246
6891294237036416263
6891542492282359051
6891553112411196685
6891570229969816845
6891596634208210187
6892156062619749645
6892230838822440195
6893077965429591311
6893079981358861581
6893269628953382144
6893383722993782020
6893389748480625934
6893477906882874639
6893817237463977223
6894080336926346510
6894123222929902862
6894123336046005507
6894418284972641549
6894435692538088707
6894498895607450894
6894612649531723022
6894776905745042703
6895138486022688007
6895645115327548683
6895999377542745351
6896079262370057479
6896293361062251780
6896373201203514632
6896489623871032590
6896644027702152455
6896644309940997389
6896645285833968910
6896777878248131855
6896798684684553487
6896844454724930831
6896848817627450637
6897483952299314443
6897530029597527309
6897953983655136527
6898573443512552717
6898627406563757316
6898989866432908555
6899240792330718477
6899267608013507840
6900018298834930957
6900020602325716237
6900073008388459784
6900287208352189709
6900421259419487495
6901513323875978496
6901544459809459463
6901555943423692036
6901945767066455304
6902244200536984835
6902244853975928068
6902403863274425612
6903350416000503047
6903516292544744717
6904190453969620232
6904831360410602759
6904946721210617092
6905321879456861454
6905496338289511688
6905628008716029197
6905746694005099791
6905905064129416459
6906270461873622272
6906310378238561549
6906526529145081103
6906797838299090184
6907161181887220996
6907264931377286414
6907416097469910276
6907420193622985997
6907446228024380680
6907898669622660365
6907975848503135488
6908100104171883791
6908203817863499016
6908203826021534991
6908996925001862407
6909380431892794631
6909484183282781444
6909663625506508032
6910034292022217996
6910071453115337997
6910238257267641613
6910848869672832263
6911241104876752141
6911597286476811534
6911639638021098759
6911885762459962639
6911886311465045259
6911946224694250766
6911949842147233032
6911959319927852295
6912372801232047372
6912653109466647821
6914471100944551168
6914570532776103175
6914584068289989902
6914595715704458511
6915213929752956168
6915282201991007488
6915359540363939080
6915542827426467086
6915977232523545860
6916026292047514887
6916043629995887883
6916123476306742531
6916438087664962823
6916496093836594447
6916680730785402119
6916693245837806863
6916697301520043264
6916708434427530499
6916735523188952328
6917146786058554636
6917413709052660995
6917513241031642380
6917513401027677440
6917514786771160333
6917517499756023052
6917518319717338375
6917519769889541391
6917521385057160455
6917529077662453006
6917532912292252943
6917534938292079879
6917951732773375239
6919103246233570564
6919111578998639876
6919633818316066051
6920507291275971844
6920514939933166860
6920826150474222856
6921274634578988292
6921517457811344647
6921530276170550543
6921590353304833293
6921652894693428480
6921877001590689038
6921984059375766798
6922317442479869199
6922462128716729615
6923031334898158852
6923392226127121672
6923485823371447559
6923761208126377216
6923791489453575439
6923944604484013319
6924115033282596111
6924276158305438983
6924308985721982221
6924492691766037760
6924506575486930176
6924525157621026055
6924597177310350592
6924686470749965583
6924939109215653123
6924956003725364487
6925030631521013004
6925223734156545287
6925313216381734157
6925366755388886286
6925389180478442756
6925406534285495565
6925552908167630083
6925768487881297165
6925771486640819469
6926078836232736015
6926098495787126016
6927088372099927303
6927098259127274759
6927186101178502408
6927492596331728135
6928624085714914573
6929447653319216398
6930202412284153102
6932598050611334403
6933945482934832398
6933984545607863556
6934516526846430464
6934517181774302464
6934678435339980046
6935411196338228495
6935427469554093348
6935428450366803230
6935430732693146888
6935673902374997278
6936451574046690598
6937114875189595423
6937568290604682499
6938366074006064414
6939705680093826340
6939771750569823502
6940414747292486949
6940500821041745185
6940819252114935079
6941874367362026782
6942027436464852254
6942624537611717896
6942865258377694497
6942867105645694216
6943058156968742174
6943077802723822881
6943212523181116713
6943403246866238724
6944180901626563847
6944194124060888356
6944252027438468365
6944537695473519883
6946368506640223519
6946559118064848162
6946922230706097408
6947165100222565663
6947274925078039811
6947275565011438878
6947308827322731779
6947318617755127078
6947553212157152542
6947639066594790695
6948423138476625182
6948604620235148585
6948678821382081799
6948746414448987404
6949057632543968526
6949094701811174692
6950140420286385412
6950171571306695976
6950557313144982792
6951679957756087565
6951954708068076813
6951984332437245215
6951986198319516939
6951992689579576613
6952011958073838856
6952058686420356366
6952063448582737165
6952424015675886855
6953180044663606564
6953206357570915599
6955298325201489166
6955367636876152077
6955383616880856356
6955760886380367141
6956513104595307776
6956861520747760933
6956876863784389895
6958356118821244190
6958423364281175331
6958423572402457871
6958444948777749767
6958568570905201920
6958632363018554656
6958700705565658405
6958984117077773601
6959070097126346025
6959100069924654372
6959108100074900769
6959153860627811597
6959557935596850435
6960500262389697806
6960565268309445895
6960636617618967840
6960880794919341352
6960894401027575040
6960982614324874496
6961335020694867240
6961542946059488542
6961619376055291168
6961635135196351781
6961671164758445324
6961679665048096031
6962035654960106766
6962281009354149159
6962470014104423712
6962474748638940451
6962513395006393637
6962697672247627019
6962815025379544350
6963096918754938127
6963127737955470633
6963233504134024487
6963661561554586895
6963995027122949383
6964273350474550565
6964307997883403527
6964344406887517471
6965376782115572999
6965408559379074340
6965421764612558091
6965453905228483874
6965901953180208423
6965921131731651851
6965939071847779615
6965941390442351902
6965944255768513829
6965945917509733635
6965948064905399555
6965949219823734052
6965949499055344927
6965954615594503427
6965969917724101925
6966460383699782953
6966482095812218144
6966595257593007374
6966751274033351974
6966807670456077582
6966937438413491488
6966971745383320847
6967168386627407138
6967239675295616293
6967251039728749855
6967292987084672267
6967304512025529639
6967505700071263524
6967522520727653673
6968612703178853646
6968635495198788864
6968670645626342686
6968671834694782219
6968679947346939167
6968679974110891300
6968682298413780236
6968702523637108004
6968705181332557088
6968708193165888783
6968710894654197029
6968712359783288103
6968732100300180744
6968739328969264423
6968797115782941990
6968999140315450638
6969713655126510879
6969811065626496293
6969968631992028453
6970141632582782208
6970861964713004291
6971045158452235535
6971075536311307552
6972518820296658210
6972788461677972750
6972815906502151463
6972822369048071457
6973093033269087495
6973100059894254859
6973111647816731935
6973131309623332131
6973131558630821128
6973131802902891810
6973132866595130663
6973132914473061644
6973133690469633314
6973134961222143266
6973163491779726607
6974190748006681894
6974326372076473639
6975145016507387177
6975525474722270494
6975634643404033293
6976190785423199518
6976521836163058982
6976556097561824525
6977581008392555784
6977934327946464548
6978378060353539341
6978466384560803103
6978679609512529159
6979087409996664071
6979842981633215755
6979954800599371039
6980156179301387533
6980163382900952352
6980603426870742279
6980688326005214476
6981097615320468743
6981376202854370600
6981724915720310057
6983145466733120775
6983295000121511208
6983341699493874983
6984057954035109150
6984169828995042574
6984397462026997026
6984415781287169291
6984420646168169736
6984709257069399309
6984729526995586345
6984730768262188301
6984780877502942499
6985123823758675230
6985148688599452959
6985416918224129284
6985499664539831593
6986149633626049796
6986508597135969576
6986540295076859144
6986771327285726500
6986823108564897065
6986831637665402148
6987344677544398113
6987545166991084813
6987628050611588367
6987652076654316830
6987686503098895647
6987694426378358030
6987756426290531624
6987926512364277007
6987961460941016334
6987965120089525516
6987990211426815245
6988011078420647198
6988028759072967940
6988034393491246350
6988040278133296419
6988058857863941383
6988083209904934179
6988085268494552356
6988105022747807011
6988160063231888675
6988277007628897571
6988303473049734437
6988332678042995976
6988342947431353604
6988345870337051934
6988347102770335012
6988347682641202465
6988350632432356616
6988362750644784423
6988364635367886087
6988367031007464743
6988376220043955494
6988384134892703012
6988398931788975391
6988398982594596103
6988417863581256990
6988446831701282080
6988463734175943967
6988470819655666956
6988475024562720033
6988490986850651425
6988500375594749214
6988524874654289184
6988538403017035044
6988569067028303141
6988633278005644578
6988648445850455335
6988654591785061672
6988655021533564168
6988658583508487432
6988677562289458432
6988682262237793550
6988685306669092129
6988686083613543716
6988717281333251335
6988722921858518276
6988727422384344333
6988731395401059591
6988749025277136159
6988767219563941157
6988778497846152488
6988795106719468808
6988822051410742561
6989014784683429124
6989050946466630920
6989054254346456327
6989056563323358501
6989068562510007590
6989073697432816933
6989095482073025806
6989144378392497415
6989209196025728259
6989223095152217356
6989245926250532137
6989424478283435301
6989433418803186975
6989445925752163591
6989452227056258318
6989478568946388260
6989484406104689957
6989496406260157703
6989551730866359564
6989553415466634509
6989576732403698985
6989623502961757473
6989830805723811076
6989838370146979083
6989865099649355048
6989873964189240584
6989879848529333512
6989906160413445406
6990172593567321374
6990274939051986206
6990396523871767844
6990508795952713000
6990601021982543104
6991047652259499275
6991053959905479948
6991063619983166733
6991315650144767269
6991335890241015078
6991420442137447687
6991423203205713160
6991483878930124044
6991492579351203103
6991494535851330846
6991499503631076612
6991500180289785126
6991510973530033441
6991520662259125518
6992030934585347336
6992068947063459085
6992104868131458337
6992111449275501838
6992127030460501255
6992154335161486600
6992174785912425736
6992188699207339305
6992380774750244126
6992447450963365128
6992536341691010304
6992786592934956325
6992805039286930729
6992868961725599008
6992870723819801887
6992930408786644258
6993132366109641988
6993172696712482062
6993667558448696589
6993691653328489739
6993695176057277704
6993897539623800100
6993940443503365383
6994408225005145378
6994787235748924703
6995042411118333215
6995111532946328845
6995176277158169870
6995183568620195103
6995453847942499615
6996165317244341541
6996180288422415656
6996465978309643527
6996888663145696516
6996960184220339496
6996975047013354793
6997215310415662375
6997255056294677791
6997606856353008911
6998054384126954752
6998389046774959397
6998697010668784910
6998826355425086756
6998866339808955659
6999580002933116198
6999597490399907109
6999617935186627847
7000234313220476167
7000288201763982623
7000551278275300608
7000724523041541414
7000946768321989901
7000948535936011557
7000990476274830629
7000998985607531780
7001781542766775583
7001793175912205608
7001836155834567968
7002009621653130496
7002013336548297992
7002483964787035422
7002498473455045902
7002783251727142174
7002787673081449741
7002790840036822286
7002792013359811870
7002792398082411790
7003139927860907271
7003174376501693704
7003220612894199078
7003323274218261790
7003588006300896519
7003597350492982565
7003604300123442436
7003606994833771806
7003633195887381797
7003640350795435298
7003774950452497703
7003880241902947615
7003940340956761381
7004044204104092935
7004128355888958753
7004304973991365919
7004324389533633830
7004371861605764365
7004593652139855143
7004610133938425129
7004612252749794567
7004708327485754660
7004711785823472936
7005031876503014692
7005070507431169288
7005217766269619469
7005708253988506894
7005715166004268323
7006256451161214221
7006505596249738530
7006550296226712862
7006966963960286477
7007025077606714635
7007294950069013775
7007322146288504096
7007335568988212515
7007543428665838852
7007553697945324803
7007602560160877859
7007607583020240164
7007625423093796132
7007689008151055630
7007696528345173252
7007725023771331844
7007951328680971555
7008076204368596255
7008191125190151439
7008243555298774285
7008360046098746664
7008444285003648291
7008444769395281165
7008532276556434726
7008543910867848479
7008759062632434944
7008815008708611360
7008825846341340449
7008828598815591713
7008903037779479849
7009103145875819817
7009133406340631842
7009442450586520843
7009640844173085956
7009810928149548318
7009838697545813260
7010563690705538335
7010619156492061965
7010720850617879845
7010731047281331489
7010799760575647006
7011347681729629448
7011435340359552268
7011714515356159246
7011798479798324520
7012049416127270184
7012226315784899881
7012365954877295885
7012377268827802895
7012408088154115362
7012512283138018564
7012816937730313502
7012823302880185607
7012836080856681736
7012842517238533406
7012901246478667011
7013170559047568673
7013533576759086366
7013557383226051872
7013592085433535785
7013641819443563810
7013643268407741709
7013654980955557150
7013655059615583492
7013670245978148132
7014507425130761479
7014771785946172676
7014880697168973094
7015088065521683744
7015096155822394631
7015126847277124878
7015131742344350984
7015141085047491852
7015175549756673293
7015180893803351308
7015413269745700134
7015592826054479138
7015819288053402912
7015866922952641800
7015912615247383815
7015944426862152963
7016082793277033758
7016269741698354467
7016541340636941599
7016544513078431006
7016712547759967523
7016857783479979301
7016886917191044392
7016925919562501389
7017259392332549390
7017326145901169956
7017364334938443039
7017376717115264286
7017414510847724836
7017433906135698724
7017441093457399077
7017441632828067109
7017442227408473385
7017526065920789800
7017611679143906568
7017724427525688576
7017739552920014116
7017986654732340521
7018009000729988352
7018051758337412366
7018071054258031876
7018074404609330472
7018087007637359876
7018090584246160647
7018142188026547467
7018157503468834084
7018167400063372581
7018173859207728418
7018354482329177359
7018372776943766823
7018783925770128655
7019104516016590080
7019175347518328098
7019176421272718604
7019257441250544904
7019485257175043335
7019606833019047180
7019625163473865996
7019839633865428262
7020228622967491879
7020242118274764046
7020263243776019748
7020326987369696526
7020440059090406659
7020557739868867870
7020632717368888615
7020638514916117793
7020638542674087206
7020645164867702055
7021056131950857480
7021067470937001254
7021083431903808779
7021093041859579150
7021159338882370855
7021289862108122404
7021306852726050052
7021383978431106311
7021399162243534118
7021437448987102471
7021440042019179791
7021444066311179560
7021897732549823758
7022235670324251941
7022452124336262414
7023011062509260071
7023059343138442511
7023193130031713575
7023244925978397983
7023258320903441699
7023287644146633995
7023492285463612708
7023555587845672204
7023626433339641092
7024047971012480293
7024060485381147918
7024261770944531751
7024386092619025676
7024506816197365003
7024680548287139110
7024722988222123302
7024763407547125006
7024788820474318094
7024868156531330304
7024869071128628516
7024876615393938724
7024878215407619362
7024885711677525260
7024927766906719518
7025136991641537833
7025142316490919204
7025145570293566731
7025167215913667851
7025218023657114910
7025399661116525854
7025573055808294159
7026283453658287400
7026682604434902276
7027022221763824926
7027490498361265443
7027494216439811364
7027662208859393313
7027788692471287076
7027841726249209124
7027842098246339843
7027846689465568520
7027857818065669415
7027859856119958820
7027860249763646750
7027862919559925030
7027863154243669281
7027867462083398945
7027873765598055684
7027874561815252232
7027875719078366476
7027877118893640968
7027879223423503629
7027884760277994760
7027885300571573518
7027888720120384775
7027891515733200132
7027891782197251361
7027894775168634148
7027902340577479975
7027902690940177675
7027920751856553219
7027922688245075207
7027945823648435488
7027992116609453350
7028054479111015692
7028190137171430692
7028453876248399135
7028505403948420360
7028536210775723272
7028615037652618500
7028703095957851407
7029201231767784711
7029209861531520294
7029229563137821989
7029478371427912973
7029504216238427431
7029510412718624040
7029522681917689091
7029566764732222750
7029577288278641927
7029585948459420964
7029591662020070691
7029602985692941572
7029617693196160290
7029845929318436132
7029948498762157342
7029994065131277598
7030004578389183784
7030354324840566029
7030430491962527014
7030642279803079973
7030728031652138273
7030958335998315790
7031081942648933670
7031153752790830374
7031444334620757255
7031744433435479310
7031859613460925736
7031891728529394982
7031939937406553381
7031973520406023427
7032175363627240744
7032253745689857317
7032287848623639840
7032453438562700578
7032866394190417155
7032869305435933963
7032965221509582092
7033034658308771110
7033335315314101517
7033613488576679168
7033669372057111815
7033979808505777411
7034062611872238856
7034461852092353807
7034473142282095904
7034494607262059776
7034590432021581088
7034840731491634446
7034867342387596559
7035041510471093508
7035068206834355469
7035206290636836096
7035210171949288740
7035424396676320515
7035462964685704479
7035527261545598243
7035537991837699368
7035566006554643751
7035914620879555855
7035936383457824041
7035978396383431976
7036919950036012292
7036923326471671053
7036952898252639503
7036960164108324109
7037037902475300128
7037346913875709197
7037347520925715720
7037462720379211011
7037659286041906439
7037678639407713544
7037720351664590120
7037740090369625379
7037803401752677662
7037808720532786445
7038198919838387493
7038252244478840095
7038557817552293123
7038604197650058503
7038808265320418563
7038944755274829096
7038958429158870280
7039183851284860197
7039192061043576100
7039513583717272863
7039894871749987621
7039904064364088608
7039922477526469901
7039925672155860265
7039973983286054179
7039979927290039588
7040050087627607304
7040074834931354914
7040481564500774178
7040993287494307086
7041717698761329923
7041921581278416158
7041933462365883683
7042137290080062724
7042245916841053473
7042498832483028257
7042505949998828815
7042845353191755020
7042975466105343271
7042975772717436167
7042982526268362015
7043022295295593763
7043265905731620103
7043312251079576864
7043412541501984038
7043426723593014562
7043587064008281358
7043686053001186567
7043720289464749325
7043746381047008545
7043748758198258975
7043791676510440745
7043952122508872994
7044047262388882688
7044536903693110536
7044544101886332167
7044719543280848141
7044720935663914274
7044789589755612427
7044795417824922891
7044821798168399141
7044849883752320270
7045091116760239360
7045236629421690153
7045264001541917966
7045383922292641031
7045640507996916992
7045925414622989605
7045955588488006944
7046160617840856361
7046313095060311333
7046643645541403941
7046936640991792418
7046943614638787872
7046999925455916318
7047060920429792524
7047561614614187264
7047824234395045156
7048279986280598819
7048432073551383846
7048461958416305448
7048471469944327464
7048576318459497742
7048603452229831943
7048783060040551710
7048807143155191081
7048827243237281055
7048861382715936035
7048879953420569893
7048915245552782607
7048940393475460387
7048969477999840516
7049357768301546755
7049528744184204574
7049581887957896480
7049986028387568935
7050033675534208256
7050044992445893918
7050313098820947207
7050407300435053832
7050479213098388777
7050683268659727646
7050760867020934414
7050839413848296739
7051566224471280904
7051775977361296655
7051811666438196521
7051927357380168960
7052273452274830599
7052522725612489992
7052674165236583688
7053012112385363215
7053069428979764487
7053088371425529092
7053134515258068257
7053378834468474149
7053548393922071823
7053609099254041895
7053628147362942223
7053657591594962210
7054005875446500612
7054011574050147598
7054330907901136166
7054496591473855747
7054523893691829544
7054804462501776651
7055097663162879272
7055180730518883587
7055213699849538831
7055532121758158112
7055540654083935523
7055611209025850662
7055906127388658974
7056176038535056651
7056300233491303691
7056313944817945856
7056381386420145444
7056404286284090662
7056682221725388064
7056718049017204004
7056960971734109476
7057098924561108262
7057257608880655650
7057450949576609031
7057819525407952167
7057915117601688868
7058183113519746307
7058189158447140103
7059265016276552992
7060192184368221454
7060231048436665640
