6687587479509273861
6705013461971111174
6718519652286287110
6741835006378806534
6764167854897106182
6767567676962295046
6768604769465502982
6773444093419736326
6776748160569101573
6777006337743129862
6777029914915900677
6777295032496983302
6777308271121386758
6777475492443376902
6777542088306199813
6777883293959458053
6782316647144230150
6790881764828122373
6795508387019869446
6796680140026809606
6798337124996287749
6800115053153586437
6806454003065425157
6808549112624024837
6811524840206617861
6814483476033719558
6814676529746873605
6819359933289614597
6821137117062712582
6821398646605565189
6829932933420207365
6832739244415388934
6837868446168943878
6839359930542132486
6839842303843126534
6840520057190157574
6846230109645540614
6850636029737684229
6852436807171345670
6853402007714237702
6855104469017922822
6856516439092858118
6857242721631964421
6857900573354691845
6858365169844702469
6859376690678779142
6859419506465312006
6859532326003657990
6861058872870784261
6862364771811986693
6869267757901319430
6871068514409532677
6871388121729076486
6871430528596249861
6872885292760599814
6873161661344124165
6873586749608611077
6873694613887028485
6878264766993943813
6879263553962937601
6879320639983865090
6879865999248706822
6882436697498471686
6882760845831441670
6883543637439843590
6885520369231334662
6887383783855623430
6887421395349916929
6887748341451476229
6887830687731174661
6888112151920217349
6888138008885759238
6890234307529411845
6890356190929292550
6890667029691403526
6890901440395611397
6891846899993693446
6892044060396195078
6892549172243729669
6892598627814968582
6896521329416228102
6897167631518846210
6898538559721049350
6899495041773866246
6899893426490281222
6900617891629092102
6902148786739514629
6902249409375948037
6903393270534114566
6904051511031123206
6904673055755242758
6905247703857433861
6905444836980182277
6906880300941462790
6908960514836024581
6909014806758493446
6909549398892530950
6910332769545587969
6911347253609385222
6912964702377217285
6914443910525881606
6914568915146263809
6914738169212669190
6914806780946173189
6914807830872739077
6914845912011443462
6915000679991921921
6915129157043227909
6915154360037100805
6915479546280119557
6915620290638646533
6917076995662826758
6917624575371087105
6918625486524435718
6920067820386536710
6920465285333978373
6920607471979613445
6922268327087721734
6922506524937948421
6923362346211544326
6924108018544037126
6924245247786536197
6927628191607639301
6927656809490648326
6927792902609358086
6930240786210589957
6937815289769872646
6938868413204892933
6938967005332557062
6942936552515341573
6945984310205746437
6950499549135916294
6950589323737697541
6951205095421889798
6951209163150167301
6951852356455681285
6954378448177515782
6957528059880787206
6962041783622667525
6963768094141533445
6964055779301281029
6964088061911239942
6964142021917412613
6966556206815071494
6967000140691279110
6967062289786637573
6967116381628239110
6969160915895831814
6969228523412212998
6969541198398737670
6970563462497914118
6972121633943325958
6972647342285573381
6974227354545605893
6975546425740365061
6976080084742507781
6977330723946548486
6978964382793338117
6979423696922430726
6979707181943753989
6981157573676338438
6981419105081462022
6981570482885659910
6981591295928159494
6981638574705888517
6982349074590665990
6984985668409756933
6986452375426845958
6987299777700433158
6987794547870813446
6987980073538161925
6988311661840960773
6988701462461254917
6989792578556284161
6990195700495600902
6991988184154524933
6994332009569062171
6995603070617013509
6996005141736426757
6996833898466381061
6997856014129286405
6998343170459241734
6998534897824500998
7000306371803483397
7001205425148382469
7001944447499947269
7001954745438997766
7002009834967092485
7002020004447177989
7002020032939166981
7002034670288342277
7003697807920057606
7003792490092399874
7004166633002470661
7004558099927403782
7005125144435903746
7010826123214966021
7017031002891603205
7021692888987798790
7022039312590146821
7022151509458701574
7022388825749982469
7023017561335844101
7024884314282315055
7025150433018514715
7025411877106896175
7025629052732001542
7028098138904874245
7028267050481143087
7029214433578650927
7029932139416161541
7031571526239603974
7032076318204316933
7033409609415134469
7033876124438596911
7033902082495204613
7033920901339008261
7036575375689927941
7036841649401646338
7037248286901718274
7037374333286632751
7039460718055312646
7041307951721745670
7042252605476654337
7044826908458274094
7045178821821205765
7045643978904964378
7045983809304595759
7047485517453331759
7048711445152009519
7049918833603120389
7050104046505676078
7050482120350846255
7050513371543801135
7051004700526923055
7051758634627370286
7054573770320760110
7054736882311204143
7055844625986129198
7055948332673420590
7056686582081883398
7058023814646631726
7058335218532650286
7060152087677504773
7061313047142501679
7061689896028638470
7062009863940984070
7062482169696128302
7064619747995897134
7065300380841676038
7066067853866192134
7068446842152865071
7068844371063393579
7069098669600935210
7070295155273846062
7070475173073358123
7070656616663747882
7070990835436932398
7072659968909954305
7073230729282620718
7074249891748302086
7075962045828533530
7076471574404189486
7076653044070403370
7076766490120228139
7077501379081800987
7077580379003047194
7077582078233234734
7077615538905845038
7077616844911250693
7077699298380532993
7079552075624959274
7079831338148236590
7080773868813569322
7084665359172652330
7084683310345063726
7085047629767396650
7085718945751289134
7085755805689072898
7086456307720441131
7087600025760484613
7088391889489087787
7089390274782235950
7090945988344532229
7091321701136485675
7091398950535564586
7092024194325548334
7093563542409956650
7093932686347144454
7094693943165881646
7097563945329855790
7099334196828818734
7099923239958318342
7099990810183126314
7100352368117566763
7101030838921481478
7101206052506586410
7101267722931014918
7101841243134496042
7103647712884575494
7103882701328993541
7104871390871948586
7105230021807344942
7105932958531374342
7106791175994002694
7107941531809598725
7109135294246571307
7111853505589103874
7113951857055173894
7114756020890701102
7115041811663523118
7115170132103548203
7115175631356464430
7115300846136462619
7115734341962976555
7116608504693017861
7116926855218842926
7117709582956383494
7117730620700396846
7117735617928187178
7117820871967853870
7117869702294031658
7118061596668218670
7118472929356107051
7119229740002692395
7119302716538621227
7119592673861700910
7120293970260938026
7120412401308257582
7120567481202248965
7120652194692615467
7120653670114430250
7120711373109300485
7121347846670175515
7123004704472206638
7123303022544964907
7123639409395911982
7124375517301689646
7124384021991263531
7124451369762802987
7124642333995371802
7124726889838628142
7125471243767352622
7125930417416457518
7126255255825698054
7126349909426474286
7126549824870141186
7126662542776077610
7127092118320925994
7127704540786199850
7127715129600429358
7127856593143745838
7128373336266132742
7128611337751629098
7129746052890053930
7130801085115190574
7132133656927210795
7132567730292624682
7132581199947631915
7133050529004948778
7133218013297478958
7133593045810941226
7134067817799879982
7134844469093961006
7135577117487631662
7137327518591241515
7137365628838530350
7137489467325091118
7137500582155390254
7137593699227192622
7137643132887321862
7137651361012911403
7137754149831134469
7138566287550188843
7139135861647543558
7139185116844215594
7139662482230005034
7140999817756462341
7141213417360215338
7143339080019889414
7144410115352055086
7145866100993953067
7146947572480052526
7147391848590347563
7147814245638393131
7148597988850535722
7149358821247388971
7149537762629176619
7149639222482259242
7150771158332329262
7150772309781957934
7151138921404140846
7154086160825060654
7154103892949912874
7154107721753627950
7154348321551830278
7154379348269714734
7154385892763815173
7154508585286896938
7154788415291084075
7155099979831463211
7155146825631042858
7155662592764251438
7155992484311616810
7156613824420810026
7157497925822827822
7157850261203995950
7157953111653502235
7158678070172388654
7159289830751341866
7159581679504411947
7159596459891887403
7159934321086893358
7160441739088645418
7160639391323491590
7161069277607382315
7161267234835582254
7161421878190542122
7161461874268196139
7161563426278657326
7161909430030830894
7162089261989154054
7162269613592579374
7162315724399086853
7162531297846480171
7162847416285285658
7163055494314265902
7163437378714094890
7163673991427968302
7163814725552409902
7163830572983405866
7164825374659071275
7164861611038100779
7164931327978982698
7165157479045696774
7166005000685112618
7166265401133780225
7166538948745891074
7167086278364695854
7167544417337986350
7167745623431646507
7168326497311132971
7168407156746718469
7168493409659997486
7168616622838566190
7169230437628398890
7169566778996083973
7169572537297308934
7172135120231599366
7172284383980686597
7172286005699955973
7173747432411499822
7175394726290492718
7175721593321164075
7177101453100617006
7177131832998153514
7177316519779683630
7177395839940414766
7177534668647206190
7177555753396456746
7179730076127218990
7180172212970802475
7181427980139285803
7182287521504775470
7182794852264840491
7182817109305543978
7182846771817647362
7182914456089791749
7182916474716032262
7182934942207348014
7183400392888225070
7183535152864283947
7183679782096522542
7183732155959348526
7184197466055576874
7184423632016330030
7184475012076817707
7184511872358452523
7184891281691135275
7185921556948995374
7186428872873807147
7186803498875604270
7186879752215563562
7187097682924719406
7187487731327536430
7187887038987799850
7188377549762874667
7188710102986165546
7188808624242756869
7188916818231430446
7188947118684491051
7188979092207717638
7189350842753895726
7189442804240665902
7189561808926149934
7189889962937011502
7190112683620912426
7190192301656771845
7190209289720532267
7190242187773365547
7190386944281677102
7190396490286730539
7190554261820804395
7190568064637865259
7190846578964385067
7191066586579586305
7191912208530443526
7192259931595230469
7192800714714877227
7193460954993003819
7193540022367178026
7193807496677510406
7194053659548765483
7194127632055766315
7194448847794572590
7194472803771665710
7194593261305204014
7194639326817586478
7194789287789989162
7194890732413504774
7194961860091858222
7196038497399147822
7196342826144189742
7196591477965999406
7196596697118559531
7196683088435465515
7196798087917096198
7197869102621363502
7197877798734744875
7198162208751226155
7198211558722473262
7198223829863501102
7198465276210318638
7198606514628726021
7199511678671719726
7199519581256305921
7199767702469332270
7199843751823559941
7199886327473573125
7200081584945499397
7200168442861718826
7200436536389684486
7200877930984066346
7200904983003385131
7201377254104960258
7202085414264376622
7202432316738702598
7202678252111138094
7203026423987195142
7203036580947217706
7203063420109720837
7203183378458250501
7203186471778536747
7203202771112250667
7203284786914282758
7203380324712238382
7204165979851525418
7204391441408199978
7204392109669977386
7204472484685548806
7204647012279586090
7204818967922347269
7205069178183765254
7205250368723356970
7205304540629863726
7205366542857440558
7205377459477368066
7205401318997904667
7205449499198639361
7206256286319578375
7206450610235804934
7206658424749313282
7206918763906600197
7207055778681834757
7207315528694795566
7207878923131063595
7208016832547130667
7208165148329086250
7208262582224915718
7208679763148328238
7208968060412251435
7209427795032689963
7209502168980671787
7209725627455393067
7209726742934752558
7210273013424524546
7210540718882934059
7210703459664842027
7210915270783667461
7211336837871275307
7211411535116242182
7211775324818902273
7211910525825846571
7212073453585845550
7212265729310231854
7212412168480902446
7212699566905281835
7212742987535633710
7212746491754990894
7212855222752808198
7213101432323542315
7213202688165645610
7213587102653598981
7213778815628233989
7213810055609683242
7213871379844844846
7213973681343679787
7214089100482170113
7214160959789616427
7214203219034049835
7214234451499437355
7214592749838896427
7214854851245788459
7215257056058658053
7215334941826075947
7215415772112358698
7215682837830192389
7215741506974534917
7215762552146496769
7216034004271648005
7216437862881840386
7216933007918107906
7217006036773850373
7217188087099690282
7217585276510620970
7218488205987908906
7218913957489298694
7219047614459858222
7219121961581186350
7219852093740404010
7219887121618849067
7220050574186761515
7220179692731583750
7220439083997203758
7220558602195750190
7221229325574638894
7221335153501654273
7222045931934584110
7222343445623655726
7222372643125742891
7223091202654997766
7223122219445161262
7223470033995877638
7223710141252783402
7223799682223459626
7223800649899674906
7224548642458176810
7224646203537902874
7224662101711670546
7225021370671844650
7225453766336679214
7226283196537900315
7226307425794673947
7226396709574970670
7227575918766738715
7227874835626478891
7227936506428591386
7228156242492017962
7228206138939116846
7228376919266430254
7228547775913381147
7228826416912059691
7229101671853329706
7229108473479367982
7229718313780120878
7229747075095743790
7230069445622811910
7231564595545115909
7231658940013006106
7231959377857547546
7232144818426711338
7232292796172979502
7232611545820302598
7232632184002088194
7233010875165101313
7233594383189183786
7233798176849890586
7233869277223292202
7233950991249427755
7234408333636111662
7234722396794604843
7234898736114109702
7235125962491317546
7235302560696159534
7235483925592804654
7235684089817255210
7236050403136245034
7236059151519059205
7236083724834721066
7236132863727488261
7236341573615734058
7236517148707851562
7236827215651015978
7236853519255473414
7236861185491078443
7236865890917272878
7236877735816187179
7236878229443710254
7236879490285178154
7236906726333713706
7236913956089269550
7236951756616371457
7237181907174296837
7237192974684146987
7237214511160151342
7237256753916759342
7237506988299734318
7237626613070941483
7237985967183875371
7238374395381615915
7238684336709586222
7238788392060849450
7239734941578186011
7239772632495983918
7239817908346424618
7240176047663140139
7240308597639384363
7240456213014514990
7240513771343596827
7240672042851241222
7241230288951495979
7241486302682565890
7241879143883935022
7242245237395950894
7242423486269001006
7242442658818411822
7242455347414306091
7242827023398325546
7243006574799719706
7243944173391580462
7244178422182825242
7244192534187085082
7244290294701706538
7244566673028730158
7244901804809489707
7245046565042195755
7245543499154787630
7245812587986832666
7245999496562216235
7246270650938133766
7246328099200159019
7246492036168305925
7246578348128865579
7247137557341932801
7247258188569906478
7247524973844139306
7247553306699058475
7247916461010816283
7248333960244120837
7248966752690851115
7249015057235840264
7249101736969948462
7249787005859630362
7249818228778749189
7250069283621965099
7250197994299985158
7250359723285810474
7251547974784847147
7251601745883729158
7251734433043189038
7252089337947393326
7252410975054204203
7252423195981253934
7252783645054799146
7252915816205782314
7253267839547870510
7253465441983663402
7253510730148826410
7254422976064408834
7254481241939004698
7254631230698704171
7254871684883270918
7254953979208076590
7255038477509709062
7255380678097849605
7255391712405933358
7255521866696183083
7255765114702318854
7256118790000217390
7256179416064216366
7256230533976378666
7256243666803756334
7256431661099781419
7256828654477479210
7256861503788174634
7256873633216335150
7256930992164850990
7256932462419397894
7257180804999105835
7257282610974510382
7257329916914486571
7257360673607290154
7257656943123172634
7258112707558182145
7258343783375506734
7258638186082077995
7258667361715113259
7258993927846497563
7259237417482439982
7259816111649213702
7259828638676225322
7259882714805980458
7261379673018649902
7261947660255464736
7262352360901496106
7262413891647343914
7262478354459266305
7262839330325187886
7262887953024716078
7263050800165899521
7263341559809182983
7263479601836461317
7263636177121578286
7263891901579791649
7263937356452023598
7264332841042087214
7264399821853805825
7264763058612964650
7264860735879138566
7265098628539141422
7265123747437497646
7265179710110305579
7265224274791648555
7265291613885287723
7265325506940144914
7265630423693217067
7265756281099619627
7266114902174059819
7266266493933948165
7266488655886224682
7266504887976987909
7266528958466821419
7266639112336198954
7266787602215226656
7267815863250652421
7268041335347629358
7268209682664181035
7268980528970288427
7269011868495236382
7269092808080870661
7269181953469992238
7269193606588566826
7269436632854629678
7269498095552007432
7269771666732076334
7269831556296985861
7269887523470511403
7270163120105065759
7270186739929599278
7270284905844624672
7270639081434959150
7270664626465983786
7270919729106275627
7270951072246648070
7270980374421884203
7271301158084332843
7271397937928768811
7271774671618477355
7272061487642938625
7272139813510286634
7272225235691113730
7272272718161022240
7272479939524316458
7273104229747658026
7273145079328476462
7273166410182839582
7273477937289006379
7273497520645360939
7273527966674521386
7273609172900580654
7273756043782491434
7273994315079322926
7274127329670991110
7274154506936487211
7274155658310667562
7274155816121355563
7274672571008781601
7274885437225782571
7275393083947388206
7275425963888938282
7275463572887588139
7275499619256175918
7275578224485174571
7275709360326692127
7275723328034295083
7275919928631250206
7276165435383434502
7276187263627742507
7276348089584127278
7276570077028240673
7276781658496404768
7276878408070483246
7276899059309301034
7276922054509694250
7277294927137082656
7277330066953096478
7277349219382431019
7277581345709100293
7277598563884911915
7277885861046340907
7277954916935830830
7278068973432786218
7278149675532733738
7278332026778914053
7278372864959515947
7278375109705043246
7278435338450914606
7278597559113813290
7278874769641016619
7279201071141014827
7279534649985076523
7279555827608997166
7279786733556731178
7279870919714131243
7280012581522214186
7280237335638248735
7280258556417297710
7280623111089868078
7280643798793801002
7280921523085380870
7281115270247189806
7281132460119723306
7281621249598459182
7281708195339488518
7282472827326893354
7282620952683449646
7282621002205465899
7283188294513413409
7283194708933741830
7283823317339999530
7283896680204881159
7284669885525888302
7284692653789154592
7285154056958446878
7285955679943281950
7286223440023915819
7286235529442512159
7286236386729168174
7286249897777433898
7286339871902338334
7286510434637679915
7286884376544201990
7286952912960507182
7287574687364812074
7287690513119972638
7288054688434375937
7288389000128154922
7288404942396607775
7288583607805840645
7288896097978699038
7288988801567853870
7289054074224299306
7289196934349327662
7289333678285524266
7289418169565973806
7289429431964290347
7289813932112596270
7290346628110699818
7290393456789294378
7290598917853580590
7290693350578015531
7290786039403203886
7290980504717790506
7291146207655939370
7291223254650326277
7291520347248020766
7291701953095142662
7291827037319286058
7291830656412175659
7291839224716791071
7292026434317454593
7292139399515606318
7292572958965533998
7293268881580379434
7293488555383475499
7293712122134023466
7293972104213581098
7293996503230647557
7294242058376580384
7294438530015710495
7294641276677524782
7294817690311494955
7295102043260308766
7295287811945565472
7295472153867078942
7295610814621355270
7295783758026870048
7295824421963500842
7295858725456268586
7296194765513706798
7296232400097496362
7296604321968311598
7296740767882825006
7296849882541772033
7296878096794340640
7297022956700634414
7297140559527808288
7297328525068029216
7297768807337037099
7297769070412188970
7297802758239931678
7298082804808600878
7298094851105639681
7298161082466618655
7298163282328685826
7298519759577042206
7298564784713239850
7298613147617840427
7298652486280170794
7298681045782744327
7299183563436592389
7299252773819026734
7299271702733770027
7299305894641208607
7299891600870690090
7300594311236767019
7300959852820499742
7301154839801744682
7301279722841984299
7301376967973145887
7301498860008901931
7301555072893226271
7301971548112506154
7302107778175208750
7302768069041163566
7303046365909650693
7303108832098602283
7303142711236906282
7303564976839609631
7303612708228795694
7303642837885701408
7303643970431700267
7303654381335989534
7303727494539021611
7303933961284111648
7304286977724091681
7304407163823213866
7304466718284352810
7304588548718578946
7304644145694526728
7304864865527680299
7305066206531472646
7305427117788138798
7305639201238797573
7305748159257398534
7306170901333069062
7306199720832044334
7306280605354872095
7306319709669215534
7306666111532109086
7306834549990837546
7307032068905553183
7307332699012975918
7307456465462316334
7307952666905185579
7308010025715436846
7308427398716951839
7308520627009342762
7308558014225698091
7308565946954763551
7308589352723008811
7308701107897830702
7308725377935887658
7308727441902570785
7308731191580953886
7308850460247461125
7308852413371272480
7308857859389852959
7308941433237441834
7309480591148289322
7309550352146107679
7309614048113446187
7309670597720575262
7309787794044505374
7310044725627800878
7310159105660914976
7310184307916672257
7310341100735155499
7310595762579098910
7310690276312468779
7311036083402329386
7311789093585685766
7311827124682247457
7311923068002241838
7312267921986735366
7312373735527386410
7312390722563460384
7312500602951503134
7312571138826177838
7312957404180679978
7312960412440448257
7312962238552263967
7313005504169659649
7313291385178754347
7313638680692804906
7314036333129895199
7314109743113522474
7314114536334691626
7314118380435377451
7314262640082095391
7314308795176455470
7314335703985327402
7314381798862114090
7314454189474663712
7314902619800014111
7315098684469923114
7315447540143426849
7315500650178104581
7315539074863992106
7316380581758192942
7316540927093493038
7316543825307045166
7316729957563125000
7316980223336172846
7317091572800032046
7317312218205343008
7317601051035667758
7317612672768298272
7318035067664747808
7318165532078017838
7318404269860818208
7318648534306164010
7318710781317483818
7318895964087979310
7319201133833080094
7319207768722902277
7319518861307710766
7320345604482190634
7320476056773823790
7320630575235075360
7320864066828913963
7321005659342818606
7321061932662869290
7321091686698929441
7321093835042327850
7321387506254089479
7321554903552331050
7321567491220622635
7321818965691419910
7322189891809594670
7322201805679562026
7322339125149961514
7322347255510437166
7322347745241779502
7322912499806784799
7322969168297413918
7323041135801240875
7323153090281164078
7323342213440687406
7323437144259824939
7323439039363992875
7323658712793550112
7323709660505050398
7323724934348361002
7323791266230111490
7323971330720697606
7324033266611129642
7324137324755848491
7324235549265448238
7324322220325571872
7324340018489740577
7324608830019489070
7324728113659694367
7324901378667597098
7325048997255662890
7325177272053304582
7325227052142234886
7325259899212991787
7325485464062790943
7325604098147929390
7325900265675099422
7325903448317136174
7325969173673233695
7326295933895839022
7326363124204866859
7326620084376702254
7326627390904470816
7326647876505931014
7326675965977857322
7326685092909190443
7326709438155476267
7326719365640883499
7326719914058779947
7326725289831124255
7326725840413281579
7326891885174295850
7326899420677655854
7326912308138052869
7326994426515983658
7327259797819116833
7327306563121663274
7327539079996869895
7327734282187771168
7327750387245583658
7327757576953793834
7328050830161087790
7328076802205699371
7328165688550427946
7328185420833950982
7328222337566772510
7328284288556846378
7328543412360236334
7328912851127553323
7329173925458414891
7329182295070625070
7329504585217854728
7329574676500565294
7329660532640763168
7329967528837467435
7330025372689452318
7330126708927925510
7330155396033826094
7330299162799426859
7330416738628046086
7330430540274994478
7330475147570187550
7330660246534409518
7330744138335391018
7331025608975060267
7331114510108871982
7331168877818285354
7331236261669276974
7331320330339831083
7331324961799343390
7331529118451780910
7331634502877515054
7331785434059509035
7331788056099310891
7331838883505786154
7332010768528952581
7332118201855216939
7332154258269408517
7332243040460934442
7332393503843962144
7332478368769674504
7332509992098090273
7332751454328982814
7332807588196879621
7332856394414132512
7333047296642256170
7333300358845926702
7333361365278657793
7333390990729923882
7333633195046456622
7333635381662879019
7333663991891332395
7333850646103428394
7334437011710840106
7334761416894844202
7335108541226798378
7335239763273895214
7335270497548061995
7335524989367520544
7336175388856503594
7336183974550588704
7336283779096448286
7336362148207021355
7336943504683207978
7336987740753497387
7337480208469003562
7337776414453861678
7338101241702239534
7338139978133933358
7338148377944739114
7338201239080946950
7338210203113966891
7338219280061713706
7338251152527609130
7338507216074394886
7338589343415618858
7338589977921604907
7338591064455925034
7338804156414790958
7338863111547391262
7338884811194387718
7338905308065991979
7339017003497262379
7339064426701573409
7339076823210413344
7339164334095961387
7339194297801084166
7339210614746713376
7339230197524253982
7339343961716198699
7339345293143510318
7339351832633888030
7339354978718354730
7339389860014329131
7339572310468300075
7339643699556666666
7339647649047498030
7339705258836282667
7339755294462856494
7339829500890385695
7339975325658467626
7340020110008241454
7340332786622090542
7340440380032453934
7340480220249607467
7340493678093421870
7340681481548795179
7340788034578681119
7340809496115023135
7340819008989515039
7340830082040171807
7340842118685936938
7340855664761212202
7340856334868434222
7340957776539094302
7340977008794438954
7340997934676348206
7341057138413833518
7341058891318349086
7341112770705837318
7341218907455278382
7341263877004561710
7341393429919714602
7341463786924100907
7341469013052116266
7341480932295085355
7341833227746708779
7341849056811109678
7341984614891687189
7342154095395900714
7342165813027196203
7342240533542145311
7342265179016596778
7342281509820321054
7342342347289627947
7342372232305544494
7342445349384146222
7342445361165880618
7342445964902370602
7342445999140424990
7342481151392533790
7342510465844530463
7342511696935750930
7342525851612876078
7342536380523859231
7342540205133466922
7342542349744098603
7342542376205897003
7342547403775495430
7342548657746496810
7342634972420885790
7342949274457574702
7343997692424588586
7344173477810687263
7344208689982704939
7344398337581288737
7344725665977060654
7345187756856872238
7345287717665672491
7345584403696930094
