6687587479509273861
6705013461971111174
6717686855946571013
6718519652286287110
6735967653942332677
6741835006378806534
6754030844094041350
6767567676962295046
6773444093419736326
6776748160569101573
6777006337743129862
6777295032496983302
6777371530625158405
6777443546766036230
6777693964343512326
6777721659378978053
6782316647144230150
6790881764828122373
6796680140026809606
6798337124996287749
6800115053153586437
6806454003065425157
6808549112624024837
6811524840206617861
6814483476033719558
6814676529746873605
6821137117062712582
6821398646605565189
6829932933420207365
6832546052864740613
6832739244415388934
6837868446168943878
6838445488103050501
6839842303843126534
6844067011400584454
6846230109645540614
6847218541335203078
6850636029737684229
6852436807171345670
6853402007714237702
6853750009016372485
6855104469017922822
6856516439092858118
6857242721631964421
6857900573354691845
6858365169844702469
6859376690678779142
6859895996969667846
6860162117799120129
6861058872870784261
6862364771811986693
6869267757901319430
6871068514409532677
6871430528596249861
6872085969823141121
6872885292760599814
6873205552038661382
6873586749608611077
6873694613887028485
6875588311348530433
6878264766993943813
6879263553962937601
6879320639983865090
6882436697498471686
6882760845831441670
6883543637439843590
6884007403310812421
6885520369231334662
6887383783855623430
6887421395349916929
6887748341451476229
6887830687731174661
6888112151920217349
6890234307529411845
6890356190929292550
6890667029691403526
6890897474123287813
6890901440395611397
6892424772823682309
6894431857069313286
6896282356567592193
6896521329416228102
6896975618584399109
6897167631518846210
6898538559721049350
6899495041773866246
6899893426490281222
6902148786739514629
6902249409375948037
6904051511031123206
6904673055755242758
6905247703857433861
6905444836980182277
6906880300941462790
6908440986049973510
6909014806758493446
6909549398892530950
6911347253609385222
6913263917158501638
6914401187295005957
6914443910525881606
6914524574029745414
6914568915146263809
6914738169212669190
6914806780946173189
6914845912011443462
6915000679991921921
6915062566385470726
6915129157043227909
6915154360037100805
6915479546280119557
6915620290638646533
6917076995662826758
6917624575371087105
6918354440382598406
6918625486524435718
6920465285333978373
6920607471979613445
6922061926981782789
6922207750600592646
6923362346211544326
6923847775142628614
6927769630006201606
6927792902609358086
6930468690458725637
6930745289061977350
6932255367871106309
6932886131998592262
6934512845463850246
6935790222408027398
6935793225072430342
6937815289769872646
6938868413204892933
6938967005332557062
6943743509857848581
6944758692105456902
6945439330978516229
6945984310205746437
6950376565561625861
6950499549135916294
6950589323737697541
6951209163150167301
6951852356455681285
6954378448177515782
6957528059880787206
6960037663906794757
6963387455596711173
6963768094141533445
6964055779301281029
6966556206815071494
6967000140691279110
6967045852363869445
6967062289786637573
6967079558679940358
6969160915895831814
6969228523412212998
6970563462497914118
6970695042411334918
6970714382171000069
6972121633943325958
6974227354545605893
6974469485294030085
6974555950229327110
6975246000856288517
6975546425740365061
6976080084742507781
6977330723946548486
6977396048314535174
6979251821701369093
6979707181943753989
6981170321214688518
6981419105081462022
6981570482885659910
6981591295928159494
6981638574705888517
6982349074590665990
6984117389566708998
6987299777700433158
6987794547870813446
6987873619728764165
6988701462461254917
6988886226002611462
6990195700495600902
6990665982633102598
6991676181066091782
6991988184154524933
6994332009569062171
6995603070617013509
6996833898466381061
6997726568114179334
7000306371803483397
7001205425148382469
7001944447499947269
7001954745438997766
7002009834967092485
7002020004447177989
7002020032939166981
7002034670288342277
7003697807920057606
7003792490092399874
7004166633002470661
7004558099927403782
7013507743411637509
7017031002891603205
7017940517002464518
7019870782239083782
7021692888987798790
7022039312590146821
7022388825749982469
7023017561335844101
7025629052732001542
7026025469262744837
7028098138904874245
7028267050481143087
7029214433578650927
7029789698478525743
7029932139416161541
7032076318204316933
7033902082495204613
7036575375689927941
7036841649401646338
7037217405734751534
7037248286901718274
7037374333286632751
7039166170712313093
7039460718055312646
7042252605476654337
7044826908458274094
7045123033274584326
7045178821821205765
7045983809304595759
7047485517453331759
7048088695060155695
7048711445152009519
7049918833603120389
7050220936666074414
7050482120350846255
7051004700526923055
7051363933898181889
7051686180579986734
7051704328498892078
7051758634627370286
7054573770320760110
7055844625986129198
7056686582081883398
7058335218532650286
7060151987437833478
7060152087677504773
7060575543099690287
7061313047142501679
7061689896028638470
7062009863940984070
7062482169696128302
7064619747995897134
7065300380841676038
7066067853866192134
7068446842152865071
7069098669600935210
7070295155273846062
7070330479773371690
7070475173073358123
7070626866595499306
7070656616663747882
7070990835436932398
7071633961889434882
7072576441258495234
7073230729282620718
7074071151428816170
7074249891748302086
7076471574404189486
7076570477174590722
7076653044070403370
7076766490120228139
7077501379081800987
7077580379003047194
7077615538905845038
7077658031948877098
7078129432690527534
7078221962421554475
7078321620305268014
7079552075624959274
7079585523429592366
7079831338148236590
7080353997768396075
7080773868813569322
7083256477883862315
7083549014733393195
7084665359172652330
7084683310345063726
7084866582752660779
7085718945751289134
7085755805689072898
7085873183756143914
7089390274782235950
7090988541093645573
7091398950535564586
7092024194325548334
7092466818027195690
7093216545924746542
7093563542409956650
7093932686347144454
7094693943165881646
7096172687965441286
7096364829702720774
7097563945329855790
7099334196828818734
7099990810183126314
7101206052506586410
7101267722931014918
7101437426744429870
7102137782088289582
7102784131293121835
7103647712884575494
7103882701328993541
7104871390871948586
7105932958531374342
7106549943409593642
7107363628889722117
7107941531809598725
7109135294246571307
7109225594705055022
7109486552107060526
7111853505589103874
7113354387119951147
7113951857055173894
7114756020890701102
7114796868994944298
7114827977648622891
7115041811663523118
7115170132103548203
7115734341962976555
7116595147093183786
7116926855218842926
7117617772728831275
7117709582956383494
7117820871967853870
7118061596668218670
7118079350867627306
7118090092761124142
7118472929356107051
7118515608601300229
7118740104348208430
7118810930363813126
7119229740002692395
7120098924521721134
7120412401308257582
7120567481202248965
7120652194692615467
7122228874095660330
7122618977485868293
7123004704472206638
7123303022544964907
7123639409395911982
7124451369762802987
7125803134009527598
7125930417416457518
7126349909426474286
7126549824870141186
7127612192693783834
7127704540786199850
7127715129600429358
7128611337751629098
7129348368249212165
7130988608969886977
7131423741225094406
7132133656927210795
7132567730292624682
7133050529004948778
7133218013297478958
7133593045810941226
7134067817799879982
7135207903513840902
7136405536693685550
7136919405203705134
7137251424827690246
7137327518591241515
7137365628838530350
7137500582155390254
7137651361012911403
7137754149831134469
7137854942861217067
7138566287550188843
7139135861647543558
7139185116844215594
7139408130428980522
7140999817756462341
7141213417360215338
7144410115352055086
7147391848590347563
7148597988850535722
7149358821247388971
7149537762629176619
7150772309781957934
7151500031781129514
7152280269163318574
7152663361547685163
7154086160825060654
7154103892949912874
7154348321551830278
7154358747605814570
7154361936426093866
7154379348269714734
7154385892763815173
7154508585286896938
7154788415291084075
7154868604524154155
7155099979831463211
7155146825631042858
7155992484311616810
7157497925822827822
7157850261203995950
7158296338931715374
7158314445343690027
7159581679504411947
7159934321086893358
7160441739088645418
7161069277607382315
7161267234835582254
7161461874268196139
7161563426278657326
7161614310895127850
7162089261989154054
7162269613592579374
7162531297846480171
7162606119767002411
7162847416285285658
7163055494314265902
7163814725552409902
7164825374659071275
7164861611038100779
7165064496073968938
7165747805707865386
7166005000685112618
7166265401133780225
7166465981810756891
7166538948745891074
7167544417337986350
7167745623431646507
7168326497311132971
7168616622838566190
7169230437628398890
7169572537297308934
7172135120231599366
7172284383980686597
7172286005699955973
7172641076409355563
7173747432411499822
7174910631513050414
7175394726290492718
7175721593321164075
7177101453100617006
7177131832998153514
7177534668647206190
7177610754508721454
7180172212970802475
7181427980139285803
7181982568693239045
7182287521504775470
7182733675090464046
7182846771817647362
7182888480299699457
7182916474716032262
7182934942207348014
7183400392888225070
7183450473125399809
7183688788139527470
7184135857434037547
7184423632016330030
7184475012076817707
7184511872358452523
7184891281691135275
7186306887141330219
7186428872873807147
7186437884130413830
7186803498875604270
7186879752215563562
7187097682924719406
7187487731327536430
7187887038987799850
7188377549762874667
7188710102986165546
7188808624242756869
7188916818231430446
7188947118684491051
7188979092207717638
7189350842753895726
7189561808926149934
7189889962937011502
7190010911413800234
7190192301656771845
7190242187773365547
7190386944281677102
7190396490286730539
7190407228602600709
7190448741235707182
7190489452240768302
7190568064637865259
7190846578964385067
7191120589476662534
7191976253941910827
7192003897441914158
7192308348216331566
7193534225486810411
7193540022367178026
7193807496677510406
7193976019521522987
7194053659548765483
7194448847794572590
7194472803771665710
7194593261305204014
7194789287789989162
7194890732413504774
7194961860091858222
7196038497399147822
7196127462034607403
7196342826144189742
7196591477965999406
7196596697118559531
7196683088435465515
7196798087917096198
7197244745859484971
7197576416513379627
7197875953677126958
7197877798734744875
7198162208751226155
7198211558722473262
7198465276210318638
7198856904838368554
7198937531898006785
7199293084805434667
7199511678671719726
7199519581256305921
7199767702469332270
7200081584945499397
7200168442861718826
7200227567624883457
7200436536389684486
7200676512146672901
7200904983003385131
7201377254104960258
7201541829957815557
7202085414264376622
7202491671119007022
7202678252111138094
7203026423987195142
7203063420109720837
7203156875452419370
7203183378458250501
7203186471778536747
7203284786914282758
7203458673287531822
7203551016388726059
7203796989635464454
7204137897706999086
7204391441408199978
7204392109669977386
7204647012279586090
7204818967922347269
7205069178183765254
7205250368723356970
7205304540629863726
7205352035443674411
7205366542857440558
7205377459477368066
7205401318997904667
7205777142548925742
7206256286319578375
7206450610235804934
7206561064639647003
7206658424749313282
7206789566513122603
7206918763906600197
7207120804331457838
7207315528694795566
7207878923131063595
7208165148329086250
7208262582224915718
7208319387865124142
7208679763148328238
7208814167086746926
7208968060412251435
7209086990439140654
7209502168980671787
7209726742934752558
7210273013424524546
7210703459664842027
7211188649503837442
7211411535116242182
7211775324818902273
7211910525825846571
7212029912461561134
7212073453585845550
7212208149984464129
7212375633710681387
7212699566905281835
7212746491754990894
7212770115790638382
7213101432323542315
7213202688165645610
7213778815628233989
7213868817502571818
7214089100482170113
7214203219034049835
7214234451499437355
7214592749838896427
7214885055783603498
7215257056058658053
7215415772112358698
7215741506974534917
7215762552146496769
7216437862881840386
7216483193652825390
7217006036773850373
7217148552856882474
7217508505350147334
7217585276510620970
7217592770628767002
7218352992964087082
7218488205987908906
7218604085623295237
7218775353613995270
7218913957489298694
7219405378570767662
7219697604169403691
7219852093740404010
7219887121618849067
7220050574186761515
7220439083997203758
7220809678689865006
7221335153501654273
7222372643125742891
7223122219445161262
7223196320423628074
7223710141252783402
7223799682223459626
7224019720037567750
7224063256384621826
7224548642458176810
7224646203537902874
7224662101711670546
7224873046803418414
7225453766336679214
7226307425794673947
7226396709574970670
7227090000700132651
7227515986604297514
7227936506428591386
7228376919266430254
7228547775913381147
7228560494783778074
7228635884009164074
7228826416912059691
7229076975535770926
7229571119945370926
7229718313780120878
7229747075095743790
7229810343764086058
7230069445622811910
7230208602575883547
7231231379206327557
7232144818426711338
7232611545820302598
7232632184002088194
7232753927920340250
7233010875165101313
7233700183597436203
7233798176849890586
7233869277223292202
7233875670227488006
7233950991249427755
7234297779634375982
7234304161142181166
7234408333636111662
7234549017055612203
7234722396794604843
7235125962491317546
7235279702821276970
7235684089817255210
7235753952363449627
7236083724834721066
7236096696013311274
7236341573615734058
7236861185491078443
7236865890917272878
7236866030369295658
7236878229443710254
7236879490285178154
7236906726333713706
7236913956089269550
7236951756616371457
7237181907174296837
7237192974684146987
7237214511160151342
7237256753916759342
7237506988299734318
7237584818828037419
7237591950260587802
7237626613070941483
7237985967183875371
7238374395381615915
7238635020708039963
7238788392060849450
7239135742985915691
7239143689598045483
7239772632495983918
7240162563835628846
7240176047663140139
7240308597639384363
7240513771343596827
7240672042851241222
7241879143883935022
7242034155968826670
7242423486269001006
7242442658818411822
7242735018945170730
7242827023398325546
7243547900695924014
7243944173391580462
7244094762007973147
7244178422182825242
7244290294701706538
7244566673028730158
7245027402445851947
7245046565042195755
7245501406940056858
7245999496562216235
7246270650938133766
7246328099200159019
7246492036168305925
7247137557341932801
7247524973844139306
7247553306699058475
7247952881633037574
7248966752690851115
7249015057235840264
7249101736969948462
7249787005859630362
7249955358205070618
7250197994299985158
7250254565520493867
7250334615833972010
7251223427590147333
7251547974784847147
7251601745883729158
7251836935419743494
7251996783545650478
7252915816205782314
7253063806811704619
7253105055149198635
7253267839547870510
7253465441983663402
7253503893534068014
7253510730148826410
7253842148825533723
7254422976064408834
7254481241939004698
7254631230698704171
7254871684883270918
7254879689276149018
7254953979208076590
7255038477509709062
7255380678097849605
7255765114702318854
7256127896173989162
7256230533976378666
7256243666803756334
7256431661099781419
7256860027238010138
7256861503788174634
7256930992164850990
7256932462419397894
7257180804999105835
7257266805989772586
7257318766634110250
7257336478320151850
7257379569668295978
7258005209375427883
7258112707558182145
7258323855020936494
7258343783375506734
7258638186082077995
7259076263548030251
7259237417482439982
7259816111649213702
7259828638676225322
7259882714805980458
7259932752743566597
7259972076570692907
7262413891647343914
7262478354459266305
7262839330325187886
7262887953024716078
7263050800165899521
7263222977733463326
7263341559809182983
7263461377111559431
7263891901579791649
7263937356452023598
7264332841042087214
7264399335788449067
7264763058612964650
7264860735879138566
7265123747437497646
7265179710110305579
7265192275951537451
7265224274791648555
7265291613885287723
7265630423693217067
7265756281099619627
7266114902174059819
7266268629832928543
7266488655886224682
7266504887976987909
7266528958466821419
7266627445036436782
7266639112336198954
7266987502873939202
7267175584231394593
7267210829370510638
7267306624971214123
7267445159577636104
7267959010354154798
7268041335347629358
7268579506502257962
7268980528970288427
7269011868495236382
7269092808080870661
7269193606588566826
7269498095552007432
7269512175541095723
7269831556296985861
7269887523470511403
7270134777225907502
7270163120105065759
7270186739929599278
7270249016749870379
7270592345639357739
7270639081434959150
7270664626465983786
7270919729106275627
7270951072246648070
7271301158084332843
7271397937928768811
7272042973871869227
7272139813510286634
7272225235691113730
7272272718161022240
7273104229747658026
7273145079328476462
7273166410182839582
7273477937289006379
7273527966674521386
7273609172900580654
7273994315079322926
7274052421121264939
7274154506936487211
7274154842094898475
7274155658310667562
7274155816121355563
7274298423921085738
7274484138038791470
7274672571008781601
7275499619256175918
7275578224485174571
7275709360326692127
7275723328034295083
7276165435383434502
7276187263627742507
7276320094937107758
7276348089584127278
7276460076183932203
7276570077028240673
7276786970251054343
7276878408070483246
7276922054509694250
7277097936985525536
7277294927137082656
7277330066953096478
7277581345709100293
7277598563884911915
7278011345428024578
7278068973432786218
7278149675532733738
7278332026778914053
7278372864959515947
7278435338450914606
7278597559113813290
7278777572823944453
7278871924065865006
7278874769641016619
7279023463497567493
7279111043748515115
7279201071141014827
7279250054869716267
7279359320675011886
7279534649985076523
7279555827608997166
7279786733556731178
7279870919714131243
7280012581522214186
7280130810991332654
7280237335638248735
7280258556417297710
7280294927697956142
7280551170190363947
7280643798793801002
7280973798122229035
7281038330848922922
7281073402121588011
7281115270247189806
7281132460119723306
7281621249598459182
7281675616263359787
7281708195339488518
7282472827326893354
7282621002205465899
7282799777673153835
7282860708792929569
7283188294513413409
7283194708933741830
7283685733330734378
7283823317339999530
7284386020072656170
7285154056958446878
7285955679943281950
7285966383853079838
7286223440023915819
7286236386729168174
7286249897777433898
7286339871902338334
7286433779818876166
7286608985086496042
7286952912960507182
7287528283389005102
7287543847540755754
7287570261686193451
7287574687364812074
7288054688434375937
7288389000128154922
7288404942396607775
7288476056208674094
7288583607805840645
7288702880536792366
7288789773324438817
7289196934349327662
7289333678285524266
7289429431964290347
7289595089700179246
7289813932112596270
7290065560535076101
7290393456789294378
7290598917853580590
7290619224987323681
7290620975912209706
7290639821331074347
7290693350578015531
7290786039403203886
7290980504717790506
7291223254650326277
7291641119417355566
7291827037319286058
7291830656412175659
7291839224716791071
7291954389500153120
7292139399515606318
7292461727915019562
7292572958965533998
7292937507614805290
7293241282871414059
7293268881580379434
7293600977964256554
7293712122134023466
7294242058376580384
7294301911006711086
7294438530015710495
7294641276677524782
7294817690311494955
7294993223771082016
7295102043260308766
7295287811945565472
7295610814621355270
7295783758026870048
7295824421963500842
7295858725456268586
7296194765513706798
7296232400097496362
7296684822867578155
7296740767882825006
7296849882541772033
7296956759514696991
7296988865544473898
7297022956700634414
7297140559527808288
7297673734180097322
7297768807337037099
7297769070412188970
7298161082466618655
7298163282328685826
7298349454971784454
7298495291508952363
7298519759577042206
7298644902554897697
7298719375799078190
7298741343919148331
7298758998042496286
7299271702733770027
7299891600870690090
7300594311236767019
7300696759603318062
7300959852820499742
7301143330073611566
7301154839801744682
7301279722841984299
7301395137949732138
7301910770625826090
7301971548112506154
7302467862906604842
7302768069041163566
7303108832098602283
7303612708228795694
7303643970431700267
7303654381335989534
7303727494539021611
7304286977724091681
7304644145694526728
7304811370506161441
7304864865527680299
7304947428812131589
7305058150862916895
7305066206531472646
7305400313450745106
7305536956287470853
7305626344371539205
7305639201238797573
7305748159257398534
7306078765124160814
7306195387113671979
7306199720832044334
7306280605354872095
7306319709669215534
7306539474891132202
7306621603058601259
7306834549990837546
7307032068905553183
7307629211961806112
7307952666905185579
7308010025715436846
7308385613764496683
7308558014225698091
7308565946954763551
7308589352723008811
7308723852954144042
7308725377935887658
7308754198135442731
7308791439784185131
7308794090588474667
7308850460247461125
7308852413371272480
7308941433237441834
7308985624311155973
7309164741044325675
7309480591148289322
7309550352146107679
7309614048113446187
7309670597720575262
7309696178306813215
7310044725627800878
7310063052341185823
7310159105660914976
7310184307916672257
7310341100735155499
7310595762579098910
7310690276312468779
7311036083402329386
7311401627083115822
7311789093585685766
7311827124682247457
7311857161766767918
7312267921986735366
7312500602951503134
7312571138826177838
7312727901324053765
7312825292555406635
7312960412440448257
7312962238552263967
7313005504169659649
7314036333129895199
7314109743113522474
7314114536334691626
7314335703985327402
7314902619800014111
7315098684469923114
7315447540143426849
7315539074863992106
7315590719257873710
7316380581758192942
7316540927093493038
7316543825307045166
7316729957563125000
7316980223336172846
7317091572800032046
7317312218205343008
7317612672768298272
7317818449269427499
7318030722512457002
7318035067664747808
7318165532078017838
7318404269860818208
7318710781317483818
7318895964087979310
7319201133833080094
7319207768722902277
7319330487401565483
7319380141342330144
7319518861307710766
7319643508564839723
7320020820351552814
7320022155671162158
7320753176574119214
7320864066828913963
7321005659342818606
7321061932662869290
7321091686698929441
7321361106348428586
7321387506254089479
7321533087001611563
7321818965691419910
7321956122590563626
7322084672484379950
7322105223332252970
7322189891809594670
7322339125149961514
7322347255510437166
7322704963996601646
7322905446774345003
7322912499806784799
7322969168297413918
7323041135801240875
7323153090281164078
7323239872943230254
7323352029391359275
7323436109717851434
7323650554100583723
7323709660505050398
7323724934348361002
7323739994655444266
7323791266230111490
7323811868475411758
7323971330720697606
7323980859047005483
7324033266611129642
7324068612162047278
7324219004246150446
7324235549265448238
7324322220325571872
7324608830019489070
7324677419334438190
7324728113659694367
7324860300426087723
7324901197729549610
7325048997255662890
7325177272053304582
7325180205738331394
7325227052142234886
7325273033332198702
7325429783578316078
7325485464062790943
7325903448317136174
7325969173673233695
7326620084376702254
7326647876505931014
7326663175296929067
7326664960686296362
7326669723268140330
7326670119009160494
7326675965977857322
7326685092909190443
7326719914058779947
7326899420677655854
7326920584812580139
7326994426515983658
7326997851060571438
7327259797819116833
7327306563121663274
7327370381390646570
7327539079996869895
7327757576953793834
7327833123943730440
7328050830161087790
7328089110101577006
7328185420833950982
7328222337566772510
7328543412360236334
7328808539277839658
7328815212759469358
7329153506500201770
7329173925458414891
7329182295070625070
7329574676500565294
7329610866846928158
7329963643364363566
7329967528837467435
7330025372689452318
7330122656475319594
7330126708927925510
7330290001063775521
7330416738628046086
7330430540274994478
7330432178167287083
7330470610885266721
7330475147570187550
7330660246534409518
7330750367686233374
7330753098408840494
7330755502629981482
7331025608975060267
7331053452157668651
7331114510108871982
7331168877818285354
7331236261669276974
7331437887474404641
7331634502877515054
7332010768528952581
7332118201855216939
7332154258269408517
7332243040460934442
7332478368769674504
7332509992098090273
7332799881490205958
7332856394414132512
7333047296642256170
7333081032591281438
7333300358845926702
7333361365278657793
7333366881849593119
7333390990729923882
7333470416993881387
7333635381662879019
7333663991891332395
7333686808426859818
7333714038498774318
7333802049433308459
7334352766665510177
7334459726081559850
7335066807658630433
7335121443799256350
7335239763273895214
7335270497548061995
7336014281135115563
7336175388856503594
7336328415051549998
7336362148207021355
7336382297408589061
7336943504683207978
7336987740753497387
7338101241702239534
7338113023577427242
7338148377944739114
7338169604612558126
7338201239080946950
7338210203113966891
7338251152527609130
7338422577783754016
7338479855224409390
7338507216074394886
7338590940065451306
7338591064455925034
7338607123510873390
7338632588711562539
7338740537400249633
7338783086005472517
7338804156414790958
7338884811194387718
7338905308065991979
7338941503105994017
7339017003497262379
7339076823210413344
7339164334095961387
7339199657668742446
7339210614746713376
7339283009285131566
7339343961716198699
7339345293143510318
7339351832633888030
7339389860014329131
7339423357424733483
7339572310468300075
7339643699556666666
7339693497705860394
7339705258836282667
7339755294462856494
7339785694316973343
7339941686157626656
7340020110008241454
7340038055409061125
7340134525202304302
7340349694306012459
7340480220249607467
7340591288833543467
7340657180854652206
7340681481548795179
7340788034578681119
7340803243972250923
7340842118685936938
7340852162962033966
7340977008794438954
7340997934676348206
7341026941325167904
7341044176768748818
7341057138413833518
7341058891318349086
7341082376547798318
7341113582106479874
7341194133228326146
7341218907455278382
7341263877004561710
7341393429919714602
7341463786924100907
7341480932295085355
7341828693649673518
7341833227746708779
7341843630887554350
7341849056811109678
7342010377930034440
7342154095395900714
7342171746306411819
7342233408162057504
7342265179016596778
7342281509820321054
7342342347289627947
7342372232305544494
7342405780252937515
7342445361165880618
7342445964902370602
7342445999140424990
7342446001271360814
7342446176408456491
7342481151392533790
7342510465844530463
7342535308312907054
7342536380523859231
7342540205133466922
7342542349744098603
7342542376205897003
7342547403775495430
7342562810703973665
7342634972420885790
7342850470655839518
7343997692424588586
7344208689982704939
7344398337581288737
7344725665977060654
7345395705533549867
7345439135710072106
