6687587479509273861
6705013461971111174
6717686855946571013
6718519652286287110
6735967653942332677
6741835006378806534
6754030844094041350
6764167854897106182
6767567676962295046
6768604769465502982
6773444093419736326
6777006337743129862
6777029914915900677
6777295032496983302
6777308271121386758
6777542088306199813
6777572210904288517
6777721659378978053
6782316647144230150
6788172617862991110
6790881764828122373
6795508387019869446
6796680140026809606
6800115053153586437
6806454003065425157
6808549112624024837
6814483476033719558
6814676529746873605
6819359933289614597
6821137117062712582
6829932933420207365
6832739244415388934
6834182607845084422
6837868446168943878
6838445488103050501
6839359930542132486
6839842303843126534
6840520057190157574
6844067011400584454
6846230109645540614
6847218541335203078
6850636029737684229
6852436807171345670
6853750009016372485
6855104469017922822
6857242721631964421
6859376690678779142
6859895996969667846
6860162117799120129
6860523005680815366
6867336959535123718
6871068514409532677
6871504904268139777
6872085969823141121
6872937092788374790
6873152344025025797
6873161661344124165
6873205552038661382
6873586749608611077
6873694613887028485
6875588311348530433
6878264766993943813
6879263553962937601
6879320639983865090
6879865999248706822
6882436697498471686
6882760845831441670
6884007403310812421
6885520369231334662
6887383783855623430
6888138008885759238
6889561330987158789
6890234307529411845
6890356190929292550
6890897474123287813
6890901440395611397
6891846899993693446
6892044060396195078
6892424772823682309
6894431857069313286
6896975618584399109
6898538559721049350
6899495041773866246
6900617891629092102
6902148786739514629
6902249409375948037
6903393270534114566
6904051511031123206
6905247703857433861
6905444836980182277
6906880300941462790
6908440986049973510
6908960514836024581
6909014806758493446
6910332769545587969
6911347253609385222
6912964702377217285
6914401187295005957
6914443910525881606
6914524574029745414
6914738169212669190
6914806780946173189
6914807830872739077
6914845912011443462
6915062566385470726
6915129157043227909
6915479546280119557
6915787211434740997
6917076995662826758
6917624575371087105
6918354440382598406
6918625486524435718
6919824530575805701
6920067820386536710
6920465285333978373
6920607471979613445
6922061926981782789
6922207750600592646
6923362346211544326
6924816400208973061
6925438560208211206
6927628191607639301
6930468690458725637
6930745289061977350
6932255367871106309
6932886131998592262
6934512845463850246
6935790222408027398
6937815289769872646
6942936552515341573
6943743509857848581
6945439330978516229
6945984310205746437
6950499549135916294
6950589323737697541
6951205095421889798
6951209163150167301
6951852356455681285
6954378448177515782
6957528059880787206
6960037663906794757
6962041783622667525
6964055779301281029
6964088061911239942
6964142021917412613
6967045852363869445
6967079558679940358
6967116381628239110
6967419428984081670
6969160915895831814
6969541198398737670
6970714382171000069
6972121633943325958
6972647342285573381
6974227354545605893
6974469485294030085
6974555950229327110
6975246000856288517
6977330723946548486
6978964382793338117
6979385451643718918
6979423696922430726
6979707181943753989
6981157573676338438
6981570482885659910
6981591295928159494
6981638574705888517
6984117389566708998
6984985668409756933
6986452375426845958
6987299777700433158
6987794547870813446
6987873619728764165
6987980073538161925
6988701462461254917
6988886226002611462
6989792578556284161
6991676181066091782
6995603070617013509
6997856014129286405
6998534897824500998
7001205425148382469
7001944447499947269
7001954745438997766
7002009834967092485
7003697807920057606
7003792490092399874
7004166633002470661
7004558099927403782
7005125144435903746
7010826123214966021
7013507743411637509
7014946218266709253
7017031002891603205
7017940517002464518
7019870782239083782
7022151509458701574
7023017561335844101
7024884314282315055
7025150433018514715
7025629052732001542
7028098138904874245
7029214433578650927
7029789698478525743
7029932139416161541
7030982050417052934
7031269635060239621
7032076318204316933
7033409609415134469
7033902082495204613
7033920901339008261
7037217405734751534
7039166170712313093
7039460718055312646
7041307951721745670
7042252605476654337
7044826908458274094
7045123033274584326
7045178821821205765
7045643978904964378
7047485517453331759
7048088695060155695
7048711445152009519
7049918833603120389
7050104046505676078
7050220936666074414
7050513371543801135
7051363933898181889
7051686180579986734
7051704328498892078
7051758634627370286
7055844625986129198
7056686582081883398
7058023814646631726
7060152087677504773
7060575543099690287
7061313047142501679
7062009863940984070
7062482169696128302
7065300380841676038
7066067853866192134
7068446842152865071
7068487273108491526
7068700457366981893
7068844371063393579
7069144505286626606
7069981040969829675
7070330479773371690
7070475173073358123
7070626866595499306
7070990835436932398
7071633961889434882
7072576441258495234
7072659968909954305
7074071151428816170
7074249891748302086
7075962045828533530
7077501379081800987
7077616844911250693
7077658031948877098
7077699298380532993
7079585523429592366
7079831338148236590
7080353997768396075
7083256477883862315
7084665359172652330
7084683310345063726
7084866582752660779
7085718945751289134
7085755805689072898
7085873183756143914
7086456307720441131
7087600025760484613
7088391889489087787
7089390274782235950
7090945988344532229
7090988541093645573
7091398950535564586
7092024194325548334
7093216545924746542
7093563542409956650
7094693943165881646
7096172687965441286
7099334196828818734
7099923239958318342
7099990810183126314
7100352368117566763
7101030838921481478
7101206052506586410
7101267722931014918
7101437426744429870
7102137782088289582
7102784131293121835
7105230021807344942
7105932958531374342
7106549943409593642
7106791175994002694
7107363628889722117
7107941531809598725
7109225594705055022
7109486552107060526
7109712915544034603
7113354387119951147
7113951857055173894
7114756020890701102
7114796868994944298
7114827977648622891
7115041811663523118
7115170132103548203
7115175631356464430
7115300846136462619
7115506708520291630
7115734341962976555
7116595147093183786
7117709582956383494
7117820871967853870
7117869702294031658
7118061596668218670
7118079350867627306
7118810930363813126
7119229740002692395
7119302716538621227
7119592673861700910
7120412401308257582
7120567481202248965
7120652194692615467
7120653670114430250
7120711373109300485
7121347846670175515
7122228874095660330
7122618977485868293
7123004704472206638
7123303022544964907
7123639409395911982
7124375517301689646
7124376388987194670
7124384021991263531
7124451369762802987
7124642333995371802
7124726889838628142
7125803134009527598
7126255255825698054
7126349909426474286
7127612192693783834
7127704540786199850
7127715129600429358
7128373336266132742
7129348368249212165
7129746052890053930
7130801085115190574
7132159619094531374
7132567730292624682
7132581199947631915
7133050529004948778
7133225567763189038
7133593045810941226
7134844469093961006
7135207903513840902
7135577117487631662
7136919405203705134
7137251424827690246
7137327518591241515
7137489467325091118
7137500582155390254
7137593699227192622
7137643132887321862
7137651361012911403
7137754149831134469
7137854942861217067
7138566287550188843
7139185116844215594
7139662482230005034
7140999817756462341
7143339080019889414
7144410115352055086
7145866100993953067
7146196930899512582
7146947572480052526
7147391848590347563
7147814245638393131
7149639222482259242
7150771158332329262
7150772309781957934
7151500031781129514
7152663361547685163
7154107721753627950
7154348321551830278
7154358747605814570
7154361936426093866
7154508585286896938
7154788415291084075
7154868604524154155
7155099979831463211
7155146825631042858
7157953111653502235
7158678070172388654
7159289830751341866
7159581679504411947
7159596459891887403
7160441739088645418
7160639391323491590
7160957821478014213
7161069277607382315
7161267234835582254
7161421878190542122
7161461874268196139
7161563426278657326
7161614310895127850
7161909430030830894
7162089261989154054
7162269613592579374
7162315724399086853
7162847416285285658
7163055494314265902
7163673991427968302
7163814725552409902
7163830572983405866
7164825374659071275
7164861611038100779
7165064496073968938
7165157479045696774
7165747805707865386
7166005000685112618
7166265401133780225
7166465981810756891
7166567517987687722
7167086278364695854
7167745623431646507
7168407156746718469
7168493409659997486
7168616622838566190
7169230437628398890
7169566778996083973
7172135120231599366
7172284383980686597
7172641076409355563
7174910631513050414
7175394726290492718
7177101453100617006
7177316519779683630
7177395839940414766
7177555753396456746
7177610754508721454
7177966217150483754
7178577123454766382
7179730076127218990
7180172212970802475
7181427980139285803
7181740982793243950
7182301074546658606
7182733675090464046
7182794852264840491
7182817109305543978
7182888480299699457
7182914456089791749
7182916474716032262
7183450473125399809
7183535152864283947
7183679782096522542
7183688788139527470
7183732155959348526
7184135857434037547
7184197466055576874
7184891281691135275
7185921556948995374
7186306887141330219
7186428872873807147
7186437884130413830
7186720743265160454
7186803498875604270
7186879752215563562
7187487731327536430
7187887038987799850
7188710102986165546
7188947118684491051
7189350842753895726
7189889962937011502
7190010911413800234
7190112683620912426
7190192301656771845
7190242187773365547
7190386944281677102
7190396490286730539
7190407228602600709
7190448741235707182
7190488453291789574
7190489452240768302
7190568064637865259
7190846578964385067
7191066586579586305
7191120589476662534
7191912208530443526
7191976253941910827
7192308348216331566
7193460954993003819
7193499414432877866
7193976019521522987
7194053659548765483
7194413955362671914
7194472803771665710
7194593261305204014
7194639326817586478
7194789287789989162
7194961860091858222
7194974647320956203
7196038497399147822
7196127462034607403
7196342826144189742
7196591477965999406
7196683088435465515
7197576416513379627
7197869102621363502
7197875953677126958
7198162208751226155
7198211558722473262
7198223829863501102
7198606514628726021
7198856904838368554
7198937531898006785
7199293084805434667
7199767702469332270
7199843751823559941
7199886327473573125
7200168442861718826
7200227567624883457
7200436536389684486
7200676512146672901
7200756933945462062
7200877930984066346
7200904983003385131
7201541829957815557
7202085414264376622
7202432316738702598
7202491671119007022
7202678252111138094
7203026423987195142
7203063420109720837
7203183378458250501
7203195231511039234
7203284786914282758
7203380324712238382
7203458673287531822
7203551016388726059
7203796989635464454
7204137897706999086
7204391441408199978
7204472484685548806
7205250368723356970
7205352035443674411
7205377459477368066
7205401318997904667
7205449499198639361
7205777142548925742
7206256286319578375
7206789566513122603
7206918763906600197
7207120804331457838
7207315528694795566
7207529351376604422
7208016832547130667
7208165148329086250
7208679763148328238
7208814167086746926
7209725627455393067
7210190762682797358
7210540718882934059
7210703459664842027
7210915270783667461
7211188649503837442
7211336837871275307
7212029912461561134
7212073453585845550
7212208149984464129
7212265729310231854
7212375633710681387
7212699566905281835
7212742987535633710
7212746491754990894
7212770115790638382
7213202688165645610
7213587102653598981
7213732976545287430
7213810055609683242
7213868817502571818
7213871379844844846
7213973681343679787
7214089100482170113
7214203219034049835
7214234451499437355
7214315999359798571
7214854851245788459
7214885055783603498
7214942777929551150
7215257056058658053
7215334941826075947
7216437862881840386
7216483193652825390
7216933007918107906
7217006036773850373
7217148552856882474
7217585276510620970
7217592770628767002
7218363848900873515
7218604085623295237
7219405378570767662
7219887121618849067
7220074590616292651
7220179692731583750
7220439083997203758
7220558602195750190
7221229325574638894
7221335153501654273
7222045931934584110
7222343445623655726
7222372643125742891
7223091202654997766
7223196320423628074
7223710141252783402
7223799682223459626
7223800649899674906
7224019720037567750
7224063256384621826
7224623719329582379
7225021370671844650
7225453766336679214
7226396709574970670
7227090000700132651
7227515986604297514
7227874835626478891
7227936506428591386
7228156242492017962
7228206138939116846
7228547775913381147
7228560494783778074
7228635884009164074
7229101671853329706
7229571119945370926
7229718313780120878
7229747075095743790
7229810343764086058
7230069445622811910
7231231379206327557
7231658940013006106
7231959377857547546
7232144818426711338
7232292796172979502
7232611545820302598
7232753927920340250
7233798176849890586
7233869277223292202
7233875670227488006
7233950991249427755
7234304161142181166
7234408333636111662
7234549017055612203
7234722396794604843
7234898736114109702
7235125962491317546
7235302560696159534
7235483925592804654
7235684089817255210
7235753952363449627
7236059151519059205
7236096696013311274
7236132863727488261
7236341573615734058
7236517148707851562
7236827215651015978
7236853519255473414
7236861185491078443
7236865890917272878
7236877735816187179
7236878229443710254
7236879490285178154
7236951756616371457
7237181907174296837
7237506988299734318
7237584818828037419
7238374395381615915
7238635020708039963
7238684336709586222
7238788392060849450
7239734941578186011
7240162563835628846
7240176047663140139
7240308597639384363
7240456213014514990
7240513771343596827
7240690452419317038
7241470954235333934
7241879143883935022
7242034155968826670
7242413831635602734
7242423486269001006
7242442658818411822
7242455347414306091
7242735018945170730
7243006574799719706
7243547900695924014
7244094762007973147
7244192534187085082
7244624674355891502
7245027402445851947
7245028263469354282
7245046565042195755
7245501406940056858
7245543499154787630
7245812587986832666
7246328099200159019
7246492036168305925
7246578348128865579
7247258188569906478
7247300573177859370
7247916461010816283
7247952881633037574
7248333960244120837
7248339784886881582
7248633229605899526
7249015057235840264
7249787005859630362
7249818228778749189
7249955358205070618
7250069283621965099
7250197994299985158
7250254565520493867
7250334615833972010
7250359723285810474
7250980070158847275
7251223427590147333
7251547974784847147
7251601745883729158
7251734433043189038
7251996783545650478
7252089337947393326
7252423195981253934
7252783645054799146
7253063806811704619
7253105055149198635
7253215827875532078
7253267839547870510
7253465441983663402
7253503893534068014
7253510730148826410
7253519593686486318
7253842148825533723
7254481241939004698
7254745555413372166
7254871684883270918
7254879689276149018
7255038477509709062
7255380678097849605
7255391712405933358
7255521866696183083
7255765114702318854
7256127896173989162
7256243666803756334
7256431661099781419
7256843725668748590
7256860027238010138
7256861503788174634
7256930992164850990
7257180804999105835
7257266805989772586
7257282610974510382
7257318766634110250
7257336478320151850
7257360673607290154
7257656943123172634
7258005209375427883
7258112707558182145
7258343783375506734
7258667361715113259
7258993927846497563
7259076263548030251
7259237417482439982
7259409120330140970
7259816111649213702
7259882714805980458
7259932752743566597
7261299093547273503
7262352360901496106
7262735814474468650
7262887953024716078
7263050800165899521
7263222977733463326
7263341559809182983
7263461377111559431
7263532786160602410
7263636177121578286
7263937356452023598
7264399335788449067
7264763058612964650
7264860735879138566
7265123747437497646
7265179710110305579
7265192275951537451
7265756281099619627
7266266493933948165
7266268629832928543
7266488655886224682
7266528958466821419
7266639112336198954
7266787602215226656
7267175584231394593
7267210829370510638
7267306624971214123
7267445159577636104
7267815863250652421
7267959010354154798
7268041335347629358
7268579506502257962
7269092808080870661
7269181953469992238
7269193606588566826
7269436632854629678
7269498095552007432
7269512175541095723
7269771666732076334
7269831556296985861
7269887523470511403
7270134777225907502
7270186739929599278
7270221180466924842
7270284905844624672
7270592345639357739
7270664626465983786
7270919729106275627
7271774671618477355
7272061487642938625
7272272718161022240
7272479939524316458
7272795924626197803
7273145079328476462
7273166410182839582
7273477937289006379
7273497520645360939
7273527966674521386
7273609172900580654
7273756043782491434
7273994315079322926
7274052421121264939
7274127329670991110
7274154842094898475
7274155658310667562
7274155816121355563
7274484138038791470
7275393083947388206
7275425963888938282
7275463572887588139
7275499619256175918
7275895230442851602
7275919928631250206
7276320094937107758
7276348089584127278
7276781658496404768
7276878408070483246
7276922054509694250
7277294927137082656
7277330066953096478
7277349219382431019
7277581345709100293
7277885861046340907
7277954916935830830
7278011345428024578
7278375109705043246
7278597559113813290
7278777572823944453
7278874769641016619
7279023463497567493
7279111043748515115
7279250054869716267
7279359320675011886
7279534649985076523
7279555827608997166
7279756860016708907
7280012581522214186
7280130810991332654
7280237335638248735
7280258556417297710
7280294927697956142
7280551170190363947
7280623111089868078
7280643798793801002
7280921523085380870
7281038330848922922
7281115270247189806
7281132460119723306
7281621249598459182
7281635786603187474
7281675616263359787
7281708195339488518
7282472827326893354
7282620952683449646
7282621002205465899
7282799777673153835
7282860708792929569
7283194708933741830
7283823317339999530
7284386020072656170
7284669885525888302
7284692653789154592
7284743310835535136
7284848865252085022
7285955679943281950
7286223440023915819
7286235529442512159
7286236386729168174
7286433779818876166
7286510434637679915
7286608985086496042
7287528283389005102
7287543847540755754
7287570261686193451
7287574687364812074
7287690513119972638
7287740160157011231
7288054688434375937
7288476056208674094
7288702880536792366
7288789773324438817
7288896097978699038
7288935549803564318
7288988801567853870
7289054074224299306
7289333678285524266
7289418169565973806
7289429431964290347
7289546090028797214
7289595089700179246
7290346628110699818
7290393456789294378
7290598917853580590
7290620975912209706
7290693350578015531
7290786039403203886
7290909567842585898
7290957981468986657
7291146207655939370
7291227089586425131
7291520347248020766
7291641119417355566
7291701953095142662
7291827037319286058
7291839224716791071
7292461727915019562
7292937507614805290
7293241282871414059
7293268881580379434
7293488555383475499
7293600977964256554
7293712122134023466
7293972104213581098
7293996503230647557
7294242058376580384
7294301911006711086
7294641276677524782
7294817690311494955
7294993223771082016
7295287811945565472
7295472153867078942
7295610814621355270
7295783758026870048
7296232400097496362
7296604321968311598
7296740767882825006
7296878096794340640
7296956759514696991
7296988865544473898
7297022956700634414
7297140559527808288
7297802758239931678
7298094851105639681
7298161082466618655
7298163282328685826
7298349454971784454
7298495291508952363
7298530017124896043
7298564784713239850
7298644902554897697
7298652486280170794
7298681045782744327
7298719375799078190
7298741343919148331
7298758998042496286
7299183563436592389
7299252773819026734
7299305894641208607
7299891600870690090
7300729167111277866
7300959852820499742
7301143330073611566
7301154839801744682
7301279722841984299
7301376967973145887
7301395137949732138
7301498860008901931
7301555072893226271
7301910770625826090
7301971548112506154
7302107778175208750
7302768069041163566
7303108832098602283
7303441530105105694
7303564976839609631
7303612708228795694
7303642837885701408
7303727494539021611
7303933961284111648
7304286977724091681
7304407163823213866
7304466718284352810
7304588548718578946
7304644145694526728
7304864865527680299
7304947428812131589
7305400313450745106
7305427117788138798
7305536956287470853
7305626344371539205
7305639201238797573
7306078765124160814
7306170901333069062
7306195387113671979
7306199720832044334
7306280605354872095
7306319709669215534
7306412626605559083
7306539474891132202
7306621603058601259
7307032068905553183
7307332699012975918
7307340064093162795
7307456465462316334
7307629211961806112
7307712744420134176
7308010025715436846
7308427398716951839
7308565946954763551
7308589352723008811
7308723852954144042
7308725377935887658
7308727441902570785
7308731191580953886
7308754198135442731
7308791439784185131
7308794090588474667
7308850460247461125
7308852413371272480
7308857859389852959
7308941433237441834
7308985624311155973
7309164741044325675
7309550352146107679
7309614048113446187
7309787794044505374
7310044725627800878
7310063052341185823
7310595762579098910
7311401627083115822
7311789093585685766
7311857161766767918
7311923068002241838
7312373735527386410
7312390722563460384
7312500602951503134
7312571138826177838
7312727901324053765
7312825292555406635
7312957404180679978
7312960412440448257
7313638680692804906
7314036333129895199
7314109743113522474
7314114536334691626
7314118380435377451
7314262640082095391
7314308795176455470
7314335703985327402
7314381798862114090
7314429502497639713
7314454189474663712
7314736925426994450
7314902619800014111
7315447540143426849
7315500650178104581
7316540927093493038
7316543825307045166
7316675023735885098
7316729957563125000
7316980223336172846
7317091572800032046
7317312218205343008
7317601051035667758
7317612672768298272
7317793217154452782
7318035067664747808
7318165532078017838
7318404269860818208
7318648534306164010
7318895964087979310
7319380141342330144
7319518861307710766
7320022155671162158
7320345604482190634
7320476056773823790
7320557768874741034
7320753176574119214
7321061932662869290
7321091686698929441
7321093835042327850
7321361106348428586
7321533087001611563
7321554903552331050
7321567491220622635
7321956122590563626
7322084672484379950
7322105223332252970
7322189891809594670
7322201805679562026
7322339125149961514
7322347745241779502
7322560335683128619
7322798653284814085
7322905446774345003
7322912499806784799
7322919357841984811
7322969168297413918
7323007855194377515
7323041135801240875
7323239872943230254
7323342213440687406
7323436109717851434
7323437144259824939
7323439039363992875
7323658712793550112
7323724934348361002
7323739994655444266
7323791266230111490
7323811868475411758
7323980859047005483
7324068612162047278
7324137324755848491
7324219004246150446
7324340018489740577
7324421231204125998
7324474367591664938
7324608830019489070
7324860300426087723
7324901197729549610
7324901378667597098
7325177272053304582
7325227052142234886
7325259899212991787
7325273033332198702
7325415130240519430
7325604098147929390
7325900265675099422
7326363124204866859
7326620084376702254
7326627390904470816
7326647876505931014
7326664960686296362
7326669723268140330
7326670119009160494
7326675965977857322
7326685092909190443
7326709438155476267
7326719365640883499
7326719914058779947
7326725289831124255
7326726219469311278
7326899420677655854
7326912308138052869
7326920584812580139
7326994426515983658
7326997851060571438
7327306563121663274
7327370381390646570
7327504178362797354
7327651985983835435
7327734282187771168
7327750387245583658
7327833123943730440
7328076802205699371
7328089110101577006
7328165688550427946
7328185420833950982
7328284288556846378
7328808539277839658
7328815212759469358
7328912851127553323
7329153506500201770
7329173925458414891
7329504585217854728
7329610866846928158
7329660532640763168
7329963643364363566
7329967528837467435
7330025372689452318
7330122656475319594
7330126708927925510
7330155396033826094
7330416738628046086
7330430540274994478
7330432178167287083
7330470610885266721
7330475147570187550
7330750367686233374
7330753098408840494
7330755502629981482
7331114510108871982
7331236261669276974
7331320330339831083
7331324961799343390
7331430393725439238
7331785434059509035
7331788056099310891
7331838883505786154
7332010768528952581
7332478368769674504
7332509992098090273
7332654720839896363
7332751454328982814
7332799881490205958
7332807588196879621
7332856394414132512
7333047296642256170
7333081032591281438
7333298339972287790
7333300358845926702
7333361365278657793
7333366881849593119
7333390990729923882
7333470416993881387
7333645245663431967
7333663991891332395
7333686808426859818
7333714038498774318
7333802049433308459
7334352766665510177
7334722211221163307
7334761416894844202
7335066807658630433
7335108541226798378
7335121443799256350
7335239763273895214
7335270497548061995
7335524989367520544
7336014281135115563
7336175388856503594
7336183974550588704
7336204810158492961
7336328415051549998
7336382297408589061
7336987740753497387
7338101241702239534
7338113023577427242
7338139978133933358
7338148377944739114
7338169604612558126
7338219280061713706
7338251152527609130
7338422577783754016
7338475366828215598
7338479855224409390
7338507216074394886
7338589977921604907
7338590940065451306
7338607123510873390
7338632588711562539
7338740537400249633
7338783086005472517
7338804156414790958
7338884811194387718
7338905308065991979
7338941503105994017
7339017003497262379
7339076823210413344
7339164334095961387
7339177397893205253
7339199657668742446
7339210614746713376
7339230197524253982
7339343961716198699
7339345293143510318
7339351832633888030
7339554885928537374
7339572310468300075
7339647649047498030
7339705258836282667
7339755294462856494
7339785694316973343
7339837975146040622
7339941686157626656
7339975325658467626
7340020110008241454
7340038055409061125
7340349694306012459
7340478858468085038
7340493678093421870
7340657180854652206
7340803243972250923
7340817804225957150
7340819008989515039
7340842118685936938
7340852162962033966
7340856334868434222
7340997934676348206
7341026941325167904
7341044176768748818
7341082376547798318
7341112770705837318
7341167240873594158
7341194133228326146
7341218907455278382
7341263877004561710
7341282165373603114
7341463786924100907
7341469013052116266
7341478505009433863
7341833227746708779
7341843630887554350
7341849056811109678
7341984614891687189
7342010377930034440
7342171746306411819
7342240533542145311
7342248732798258478
7342329636711386398
7342342347289627947
7342405780252937515
7342445964902370602
7342445999140424990
7342446001271360814
7342446176408456491
7342481151392533790
7342511696935750930
7342525851612876078
7342535308312907054
7342536380523859231
7342540205133466922
7342542376205897003
7342547403775495430
7342548657746496810
7342562810703973665
7342634972420885790
7342850470655839518
7342949274457574702
7343997692424588586
7344208689982704939
7345187756856872238
7345287717665672491
7345395705533549867
7345584403696930094
